282,1460,1464
18,1447,17
17,1446,16
270,1455,271
0,5,1
118,282,11
2,5,6
2,7,279
279,8,280
8,15,16
276,1451,267
269,1454,270
282,1444,11
268,1453,269
4,13,5
118,11,20
6,13,14
7,14,15
20,28,29
12,22,13
118,20,29
14,22,23
15,23,24
16,24,25
17,25,26
18,26,27
19,27,28
26,34,35
27,35,36
28,36,37
29,37,38
21,31,22
118,29,38
23,31,32
24,32,33
25,33,34
30,40,31
118,38,47
32,40,41
33,41,42
34,42,43
35,43,44
36,44,45
37,45,46
38,46,47
44,52,53
45,53,54
46,54,55
47,55,56
39,49,40
118,47,56
41,49,50
42,50,51
43,51,52
118,56,63
50,1527,51
58,1535,67
52,58,59
53,59,60
54,60,61
55,61,62
56,62,63
50,1525,1526
61,69,70
62,70,71
63,71,72
66,1533,65
118,63,72
57,1532,1528
58,1527,1531
59,67,68
60,68,69
65,75,66
66,76,67
67,77,68
68,78,69
69,79,70
70,80,71
71,81,72
65,73,74
118,72,81
78,88,79
79,89,80
80,90,81
74,82,83
118,81,90
74,84,75
75,85,76
76,86,77
77,87,78
84,94,85
85,95,86
86,96,87
87,97,88
88,98,89
89,99,90
83,91,92
118,90,99
83,93,84
97,107,98
98,108,99
92,100,101
118,99,108
92,102,93
93,103,94
94,104,95
95,105,96
96,106,97
103,113,104
104,114,105
105,115,106
106,116,107
107,117,108
101,109,110
118,108,117
101,111,102
102,112,103
116,127,117
110,119,120
118,117,127
110,121,111
111,122,112
112,123,113
113,124,114
124,1380,114
142,1392,1389
122,132,123
123,133,124
144,1394,153
115,1380,1381
126,136,127
120,128,129
118,127,136
120,130,121
121,131,122
135,145,136
128,138,129
118,136,145
129,139,130
130,140,131
131,141,132
132,142,133
133,1383,124
126,1382,1385
142,150,151
152,1394,1393
135,1391,144
145,153,154
137,147,138
118,145,154
138,148,139
140,148,149
141,149,150
146,156,147
118,154,163
148,156,157
149,157,158
149,159,150
151,159,160
152,160,161
153,161,162
154,162,163
160,168,169
161,169,170
162,170,171
163,171,172
155,165,156
118,163,172
157,165,166
158,166,167
159,167,168
118,172,181
166,174,175
167,175,176
168,176,177
169,177,178
170,178,179
171,179,180
172,180,181
164,174,165
179,187,188
180,188,189
181,189,190
173,183,174
118,181,190
175,183,184
176,184,185
177,185,186
178,186,187
185,193,194
186,194,195
187,195,196
188,196,197
189,197,198
190,198,199
182,192,183
118,190,199
184,192,193
198,206,207
199,207,208
191,201,192
118,199,208
193,201,202
194,202,203
195,203,204
196,204,205
197,205,206
203,211,212
204,212,213
205,213,214
206,214,215
207,215,216
208,216,217
200,210,201
118,208,217
202,210,211
215,225,216
216,226,217
210,218,219
118,217,226
210,220,211
211,221,212
212,222,213
213,223,214
214,224,215
221,231,222
222,232,223
223,233,224
224,234,225
225,235,226
219,227,228
118,226,235
219,229,220
220,230,221
234,244,235
228,236,237
118,235,244
228,238,229
229,239,230
230,240,231
231,241,232
232,242,233
233,243,234
239,249,240
240,250,241
241,251,242
242,252,243
191,437,444
243,253,244
237,245,246
82,366,91
118,244,253
237,247,238
254,500,263
238,248,239
227,479,236
252,262,253
246,254,255
48,324,331
118,253,262
246,256,247
173,422,430
247,257,248
0,507,289
248,258,249
146,401,408
249,259,250
64,352,73
250,260,251
236,486,245
251,261,252
218,458,465
258,268,259
109,387,119
259,269,260
263,507,272
260,270,261
30,310,317
261,271,262
255,263,264
200,444,451
118,262,271
255,265,256
119,394,128
256,266,257
57,331,338
257,267,258
218,472,227
245,493,254
118,271,278
265,273,274
91,373,100
266,274,275
155,408,415
266,276,267
73,359,82
8,1446,1440
12,296,303
268,1451,1452
182,430,437
280,1456,276
100,380,109
19,1450,1449
263,273,264
137,394,401
280,1440,1461
209,451,458
11,1450,20
39,317,324
278,1455,1460
273,0,1
0,296,4
118,278,282
273,2,274
57,345,64
274,279,275
21,303,310
275,280,276
164,415,422
18,1449,1448
713,1196,1197
706,712,713
705,711,712
684,1207,1206
288,705,706
290,283,705
291,284,283
292,285,284
293,343,285
721,1199,1194
300,293,292
301,343,293
294,287,286
295,288,287
297,290,288
298,291,290
299,292,291
304,297,295
305,298,297
306,299,298
307,300,299
308,301,300
309,343,301
302,295,294
318,308,316
318,343,309
312,302,311
313,304,312
314,305,313
315,306,314
316,307,315
322,313,321
323,314,322
325,315,323
326,316,325
326,343,318
320,311,319
321,312,320
334,343,326
353,1303,626
354,1299,353
330,321,329
332,322,330
333,323,332
334,325,333
339,329,337
340,330,339
341,332,340
342,333,341
342,343,334
347,1301,355
329,1294,337
351,343,342
319,1306,1287
329,1291,1292
348,337,347
349,339,348
350,340,349
351,341,350
357,348,356
358,349,357
360,350,358
360,343,351
320,1291,321
633,1304,639
355,348,347
362,353,361
363,354,362
364,355,363
842,1659,1678
367,357,365
368,358,367
368,343,360
375,365,374
376,367,375
376,343,368
370,361,369
371,362,370
372,363,371
374,364,372
377,370,369
378,371,370
379,372,371
381,374,372
382,375,374
383,376,375
384,343,376
390,383,382
391,384,383
392,343,384
385,378,377
386,379,378
388,381,379
389,382,381
396,386,395
397,388,396
397,390,389
398,391,390
399,392,391
400,343,392
395,385,393
407,400,399
409,343,400
402,395,393
403,396,395
404,397,396
405,398,397
406,399,398
411,404,403
412,405,404
413,406,405
414,407,406
416,409,407
417,343,409
410,403,402
424,417,416
425,343,417
418,411,410
419,412,411
420,413,412
421,414,413
423,416,414
428,421,420
429,423,421
431,424,423
432,425,424
433,343,425
426,419,418
427,420,419
441,343,433
434,427,426
435,428,427
436,429,428
438,431,429
439,432,431
440,433,432
447,438,446
448,439,447
449,440,448
449,343,441
443,434,442
445,435,443
446,436,445
452,442,450
453,443,452
454,445,453
455,446,454
456,447,455
457,448,456
457,343,449
463,454,462
464,455,463
466,456,464
466,343,457
460,450,459
461,452,460
462,453,461
468,459,467
469,460,468
470,461,469
471,462,470
473,463,471
474,464,473
474,343,466
481,471,480
482,473,481
482,343,474
476,467,475
477,468,476
478,469,477
480,470,478
483,476,475
484,477,476
485,478,477
488,478,487
489,480,488
490,481,489
490,343,482
497,488,496
498,489,497
498,343,490
492,483,491
494,484,492
495,485,494
496,487,495
504,495,503
505,496,504
506,497,505
506,343,498
501,491,499
502,492,501
503,494,502
415,620,626
493,699,500
458,672,465
472,684,479
303,519,526
338,550,557
486,693,493
507,513,289
296,513,519
317,531,538
345,569,352
331,545,550
359,583,366
345,557,564
373,595,380
430,633,639
310,526,531
444,646,653
324,538,545
352,576,359
387,607,394
408,614,620
458,658,665
465,677,472
422,626,633
366,588,373
437,639,646
500,704,507
380,602,387
451,653,658
479,690,486
394,614,401
508,748,509
743,757,742
508,752,747
744,758,743
738,752,737
1038,512,751
745,759,744
739,753,738
512,750,751
746,760,745
740,754,739
746,927,761
740,756,755
511,749,750
510,748,749
742,756,741
527,744,743
525,743,742
518,509,517
525,741,524
516,509,510
523,741,740
516,511,515
523,739,522
530,927,746
515,512,514
522,738,521
530,745,529
1038,514,512
521,737,520
528,745,744
518,737,508
546,515,547
532,927,530
539,524,523
546,517,516
536,524,537
543,517,544
535,525,536
534,527,535
543,520,518
533,528,534
541,520,542
1038,548,514
540,521,541
548,515,514
533,530,529
539,522,540
566,927,532
558,541,556
566,533,565
1038,549,548
556,542,555
565,534,563
554,542,543
563,535,562
554,544,553
562,536,561
552,544,546
561,537,560
551,546,547
559,537,539
549,547,548
559,540,558
1038,584,549
570,565,563
575,556,577
582,549,584
567,565,568
574,558,575
567,927,566
581,551,582
574,560,559
581,553,552
573,561,560
579,553,580
572,562,561
579,555,554
571,563,562
577,555,578
587,580,581
594,573,574
587,582,586
594,575,593
601,927,567
586,584,585
593,577,592
601,568,600
1038,585,584
592,578,591
600,570,599
590,578,579
599,571,598
597,571,572
590,580,589
597,573,596
606,597,608
605,598,606
615,591,590
604,599,605
612,591,613
1038,619,585
603,600,604
611,592,612
619,586,585
603,927,601
610,593,611
617,586,618
610,596,594
617,589,587
608,596,609
615,589,616
625,613,615
634,605,606
625,616,624
632,606,608
624,617,623
632,609,631
622,617,618
630,609,610
629,610,611
637,927,603
622,619,621
628,611,612
637,604,636
1038,621,619
628,613,627
635,604,605
647,630,629
652,622,654
645,631,630
652,624,623
643,631,644
651,625,624
679,1150,1145
650,627,625
634,694,635
648,627,649
1038,655,621
640,635,641
647,628,648
638,636,640
654,621,655
638,927,637
664,648,663
673,640,671
1038,656,655
662,648,649
671,641,670
679,685,668
662,650,661
700,1152,1150
661,651,660
668,644,667
660,652,659
667,645,666
659,654,657
666,647,664
673,927,638
657,655,656
1024,1691,1684
1038,689,656
674,671,675
682,663,683
688,656,689
674,927,673
681,664,682
688,659,657
680,666,681
660,822,808
679,667,680
676,686,1147
691,812,687
634,1039,1033
695,823,1130
676,671,670
695,682,683
702,675,676
1019,1139,1020
670,692,686
683,827,823
643,1039,632
662,827,663
1018,1138,1019
700,680,698
691,688,1049
698,681,697
703,927,674
1049,689,1050
697,682,696
1051,674,675
1038,1050,689
550,459,450
576,410,583
564,442,434
588,393,595
646,1306,653
531,483,475
633,1303,1302
602,377,607
545,467,459
569,418,576
620,369,361
665,311,302
672,286,677
639,1305,646
583,402,588
337,1298,347
699,736,704
595,385,602
658,319,311
693,1208,1209
607,369,614
626,361,353
693,729,699
665,294,672
690,1206,1208
526,491,483
557,450,442
288,1202,1203
704,499,513
519,499,491
538,475,467
564,426,569
287,1203,1204
285,343,709
284,709,710
283,710,711
709,343,716
710,716,717
711,717,718
712,718,719
713,719,720
722,1209,1199
286,1207,677
719,727,720
720,728,721
721,729,722
716,343,723
717,723,724
718,724,725
719,725,726
723,343,730
724,730,731
725,731,732
726,732,733
727,733,734
728,734,735
729,735,736
734,503,502
735,502,501
736,501,499
730,343,506
731,506,505
732,505,504
733,504,503
747,767,762
747,763,748
757,773,772
748,764,749
758,774,773
757,771,756
750,764,765
760,774,759
755,771,770
751,765,766
761,775,760
754,770,769
1038,751,766
761,927,776
754,768,753
753,767,752
770,786,785
766,780,781
770,784,769
787,1053,1056
1038,766,781
769,783,768
833,1065,1064
768,782,767
775,789,774
762,782,777
776,790,775
762,778,763
776,927,791
763,779,764
772,786,771
765,779,780
791,805,790
824,1128,839
791,927,806
777,1107,778
787,801,786
1124,828,1667
785,801,800
809,1123,824
785,799,784
779,795,780
773,1053,772
784,798,783
781,795,796
789,1054,774
1038,781,796
790,804,789
802,816,801
795,809,810
800,816,815
796,810,811
799,815,814
802,1056,1059
1038,796,811
799,813,798
802,1062,817
798,1104,783
804,820,819
777,1105,1106
806,820,805
782,1104,1105
806,927,821
794,1108,1113
838,1128,1127
820,834,819
809,1113,1118
821,835,820
365,1102,1103
821,927,836
356,1102,357
817,831,816
809,825,810
815,831,830
811,825,826
815,829,814
817,1065,832
1038,811,826
814,828,813
819,1066,1063
825,839,840
830,846,845
825,841,826
829,845,844
833,847,832
1038,826,841
829,844,1657
833,849,848
837,1127,1126
834,850,849
364,1100,356
836,850,835
364,1103,1101
836,927,851
842,1662,1659
832,846,831
849,865,864
1673,1658,852
851,865,850
837,853,838
851,927,866
838,854,839
847,861,846
840,854,855
845,861,860
841,855,856
1670,1669,845
847,863,862
1038,841,856
1669,859,858
848,864,863
843,857,842
860,876,875
856,870,871
1671,1661,874
862,878,877
1038,856,871
859,873,858
864,878,863
858,872,857
865,879,864
1680,1668,867
865,881,880
852,868,853
866,927,881
853,869,854
862,876,861
854,870,855
1672,887,882
880,896,895
867,883,868
881,927,896
868,884,869
877,891,876
870,884,885
876,1627,1628
870,886,871
874,1661,1660
877,893,892
1038,871,886
874,1660,1674
878,894,893
1676,1677,873
880,894,879
886,900,901
889,1606,1611
892,908,907
1038,886,901
1611,904,903
893,909,908
888,902,887
895,909,894
887,902,1709
896,910,895
882,1730,1729
896,927,911
883,899,884
892,906,891
884,900,885
1624,1642,1638
898,1727,913
911,927,926
898,914,899
907,921,906
900,914,915
905,1626,1607
900,916,901
1615,920,919
907,923,922
1038,901,916
903,919,918
909,923,908
903,917,902
909,925,924
897,1709,1710
911,925,910
923,938,922
1038,916,932
919,1704,1708
923,940,939
1706,934,933
925,940,924
912,933,928
926,941,925
1728,1722,929
926,927,942
913,930,914
922,937,921
914,931,915
920,937,936
915,932,916
936,935,1704
942,927,957
930,944,945
938,952,937
930,946,931
936,952,951
931,947,932
951,950,1705
939,953,938
1038,932,947
935,1705,1707
940,954,939
1703,949,948
941,955,940
928,948,943
942,956,941
1732,1726,944
950,964,949
954,970,969
949,963,948
956,970,955
943,963,958
957,971,956
1733,1721,959
957,927,972
944,960,945
953,967,952
946,960,961
952,967,1612
946,962,947
951,1608,1614
954,968,953
1038,947,962
959,975,960
968,982,967
961,975,976
1623,1652,1653
962,976,977
965,1614,1617
968,984,983
1038,962,977
1617,980,979
969,985,984
964,978,963
971,985,970
1715,1734,1731
972,986,971
1719,974,1721
972,927,987
985,999,984
1696,1683,993
986,1000,985
973,993,988
987,1001,986
1719,988,989
987,927,1002
974,990,975
983,997,982
975,991,976
1646,1648,1647
976,992,977
1619,996,995
983,999,998
1038,977,992
995,1694,1697
998,1012,997
990,1006,991
996,1012,1011
991,1007,992
1011,1687,1693
998,1014,1013
1038,992,1007
1693,1010,1009
1000,1014,999
993,1683,1686
1001,1015,1000
1700,1681,1003
1002,1016,1001
988,1004,989
1002,927,1017
990,1004,1005
1009,1023,1008
1016,1030,1015
1702,1692,1018
1016,1032,1031
1003,1019,1004
1017,927,1032
1004,1020,1005
1013,1027,1012
1006,1020,1021
1011,1027,1026
1006,1022,1007
1010,1687,1690
1013,1029,1028
1038,1007,1022
1009,1690,1685
1015,1029,1014
1021,1035,1036
1026,1043,1042
1021,1037,1022
1026,1041,1025
1028,1045,1044
1038,1022,1037
1024,1698,1691
1030,1045,1029
687,822,659
1031,1046,1030
691,1144,1134
1032,1047,1031
1018,1695,1136
1032,927,1048
661,793,662
1028,1043,1027
1035,1139,1144
1047,703,1051
1701,1023,1684
1048,927,703
661,808,792
1043,700,698
1035,1049,1036
1042,698,697
1036,1050,1037
1041,697,696
702,1153,1046
1038,1037,1050
1041,695,1040
1045,1153,1151
695,1140,1040
1046,1051,702
1059,1074,1062
1064,1077,1076
1052,803,1053
1062,1077,1065
1057,788,1054
1060,1075,1072
1059,1068,1071
1063,1078,1075
804,1063,1060
804,1057,789
774,1052,773
834,1064,1066
1071,1083,1074
1076,1086,1085
818,1058,803
1074,1086,1077
1069,1055,788
1072,1084,1082
1071,1079,1081
1075,1087,1084
1056,803,1068
1060,1069,1057
1066,1076,1078
1054,818,1052
1061,1070,1058
1083,1098,1086
1080,1067,1055
1082,1096,1093
1081,1089,1092
1084,1099,1096
1055,1073,1061
1087,1097,1099
1068,1058,1079
1072,1080,1069
1078,1085,1087
788,1061,818
1073,1089,1070
1073,1090,1088
1088,1092,1089
1088,1093,1091
1091,1095,1092
1091,1096,1094
1095,1097,1098
1096,1097,1094
1085,1098,1097
1081,1095,1083
1079,1070,1089
1082,1090,1080
1103,1100,1101
1104,1110,1105
1106,1110,1111
1107,1111,1112
1107,1113,1108
1109,1115,1110
1111,1115,1116
1112,1116,1117
1113,1117,1118
1114,1120,1115
1116,1120,1121
1116,1122,1117
1118,1122,1123
1119,1125,1120
1121,1125,1126
1121,1127,1122
1123,1127,1128
813,1119,1114
813,1109,798
778,1108,779
797,827,793
807,822,812
807,792,808
1129,793,792
1130,797,1131
1132,797,1129
1132,807,1133
1133,812,1134
1135,1141,1136
1137,1141,1142
1137,1143,1138
1138,1144,1139
1141,1132,1142
1142,1133,1143
1143,1134,1144
1140,1131,1141
686,1161,1147
1148,1167,1153
685,1159,701
692,1156,1155
1145,1164,1159
1150,1166,1164
1033,1158,1157
1153,1165,1151
686,1155,1154
1147,1162,1148
676,1148,702
1045,1152,1044
641,694,692
668,1034,643
678,1172,1158
1155,1170,1169
1154,1174,1161
1157,1172,1171
1162,1179,1167
1156,1171,1170
701,1173,1149
1159,1176,1173
1154,1169,1168
1164,1178,1176
685,678,1034
1034,1158,1039
694,1157,1156
1151,1166,1152
1176,1192,1190
1179,1191,1177
1174,1188,1175
1149,1160,1146
1177,1192,1178
1146,1184,1172
1169,1182,1181
1168,1187,1174
1171,1184,1183
1175,1193,1179
1165,1178,1166
701,1146,678
1161,1175,1162
1167,1177,1165
1160,1183,1184
642,1182,1183
1180,642,669
669,1160,1163
1186,1163,1185
1187,669,1186
1188,1186,1189
1190,1186,1185
1192,1189,1190
1193,1189,1191
1168,1181,1180
1173,1190,1185
1149,1185,1163
1170,1183,1182
1204,1214,1215
1208,1220,1209
1199,1220,1211
1205,1215,1216
1197,708,707
1208,1217,1219
1194,708,1196
1205,1218,1207
1197,1213,1202
706,1197,1202
720,1194,1196
286,1204,1205
1219,1232,1220
1211,1232,1222
1216,1227,1228
707,1198,1195
1219,1229,1231
715,1198,708
1216,1230,1218
707,1225,1213
1217,1230,1229
1199,715,1194
1202,1214,1203
1206,1218,1217
1222,1241,1233
1228,1236,1237
1231,1238,1240
1262,1195,1210
1201,1210,1198
1228,1239,1230
1256,1257,1195
1229,1239,1238
1225,1259,1235
1215,1226,1227
1211,1201,715
1213,1226,1214
1237,1248,1249
1240,1250,1252
1256,1275,1254
1212,1221,1210
1237,1251,1239
1246,1280,1255
1238,1251,1250
1247,1284,1285
1233,1224,1212
1231,1241,1232
1227,1235,1236
1222,1212,1201
1254,1200,1223
1258,1246,1245
1249,1245,1244
1250,1242,1252
1251,1244,1250
1252,1243,1253
1244,1223,1242
1221,1223,1261
1242,1224,1243
1233,1253,1243
1240,1253,1241
1236,1247,1248
1266,1263,1265
1257,1268,1255
1254,1260,1200
1260,1276,1261
1260,1261,1200
1221,1265,1263
1257,1280,1277
1262,1264,1266
1221,1264,1210
1262,1265,1261
1270,1267,1268
1257,1269,1270
1254,1268,1267
1256,1267,1269
1272,1276,1274
1274,1273,1272
714,1271,1272
1261,1271,1262
714,1273,1256
1260,1275,1274
1278,1280,1279
1281,1278,1279
1234,1282,1259
1258,1282,1281
1234,1277,1278
1246,1281,1279
1283,1285,1284
1259,1286,1283
1247,1286,1258
1259,1284,1235
1299,1315,1303
1302,1315,1314
1287,1318,346
1300,1313,1312
1294,327,1307
1299,1312,1311
1294,1310,1298
1289,328,1291
1287,336,1289
1305,1318,1306
1298,1313,1301
1292,328,327
354,1301,1300
319,1289,320
1317,1332,1318
1310,1327,1313
1316,1331,1317
1316,1328,1330
1311,1329,1315
1314,1329,1328
346,1332,1290
1312,1327,1326
1307,1296,1320
1311,1326,1325
1307,1324,1310
336,1297,328
1304,1314,1316
1304,1317,1305
1290,1308,1295
1331,1342,1332
1324,1337,1327
1330,1341,1331
1330,1338,1340
1358,1296,344
1325,1339,1329
1328,1339,1338
1290,1342,1309
1326,1337,1336
1360,1320,335
1326,1335,1325
346,1295,336
327,1297,1296
1335,1350,1349
1334,1362,1364
1308,1323,344
1308,1293,1321
1341,1356,1342
1334,1351,1337
1340,1355,1341
1338,1354,1340
1335,1353,1339
1361,1379,1357
1338,1353,1352
1309,1356,1293
1295,344,1297
1320,1334,1324
1319,1293,1288
1357,1323,1321
1345,1288,1343
1359,1322,1319
1347,1343,1346
1348,1345,1347
1349,1347,1346
1350,1348,1347
1354,1346,1343
1356,1288,1293
1352,1349,1346
1355,1343,1288
1360,1367,1366
1336,1351,1350
1364,1363,1365
1361,1357,1322
1323,1374,1373
1359,1361,1322
1333,1369,1344
1344,1362,1333
1334,1365,1348
1344,1365,1363
1368,1371,1369
1370,1366,1367
1359,1369,1371
1359,1370,1361
1360,1368,1333
1361,1367,335
1375,1373,1374
1358,1374,1357
1323,1372,344
1358,1372,1375
1377,1379,1378
335,1376,1377
1358,1379,1376
335,1378,1361
1394,1403,1406
1388,1403,1391
1393,1404,1392
1381,143,134
1383,1398,1395
1389,1404,1401
1380,1395,143
1386,1401,1398
133,1389,1386
115,1382,116
152,1392,151
135,1385,1388
1403,1418,1406
1400,1415,1403
1404,1417,1416
143,1387,134
1398,1407,1395
1401,1416,1413
1395,1390,143
1398,1413,1410
1385,125,1397
1385,1400,1388
1394,1405,1393
1382,134,125
1390,1399,1387
1416,1426,1425
1410,1419,1407
1413,1425,1423
1407,1402,1390
1410,1423,1421
1387,1396,1384
1417,1427,1426
1397,1384,1409
1400,1409,1412
1405,1418,1417
134,1384,125
1425,1438,1437
1421,1428,1419
1423,1437,1434
1419,1414,1402
1421,1434,1431
1399,1408,1396
1426,1439,1438
1422,1430,1433
1412,1424,1415
1415,1427,1418
1409,1396,1420
1412,1420,1422
1414,1429,1411
1411,1430,1408
1428,1432,1429
1429,1433,1430
1431,1435,1432
1432,1436,1433
1435,1437,1438
1436,1438,1439
1402,1411,1399
1422,1436,1424
1424,1439,1427
1420,1408,1430
1461,1472,1456
1454,1471,1455
1440,10,281
1464,1473,1475
1453,1470,1454
1464,277,1444
1456,1467,1451
1449,1466,1465
1453,1468,1469
1460,1471,1473
1448,1465,3
1452,1467,1468
1461,281,1474
1448,9,1447
1444,1466,1450
1447,10,1446
1471,1487,1473
1468,1478,1479
281,1488,1474
1466,1442,1477
9,1458,10
1472,1488,1483
1471,1481,1482
3,1459,9
10,1476,281
1475,1487,1491
1465,1463,3
1470,1480,1481
277,1491,1442
1472,1478,1467
1466,1462,1465
1469,1479,1480
1442,1498,1477
1463,1497,1496
1483,1506,1504
1481,1503,1482
1459,1496,1495
1476,1494,1492
1491,1505,1507
1480,1502,1481
1491,1493,1442
1483,1499,1478
1458,1495,1494
1462,1498,1497
1479,1501,1480
1487,1503,1505
1478,1500,1479
1488,1492,1506
1506,1515,1504
1502,1514,1503
1492,1445,1490
1507,1519,1523
1501,1513,1502
1507,1484,1493
1504,1510,1499
1497,1509,1508
1500,1512,1501
1505,1514,1519
1496,1508,1441
1499,1511,1500
1506,1490,1520
1495,1441,1443
1493,1509,1498
1494,1443,1445
1521,1490,1489
1457,1489,1486
1522,1486,1485
1523,1485,1484
1489,1445,1443
1486,1443,1441
1485,1441,1508
1484,1508,1509
1510,1516,1511
1511,1517,1512
1512,1518,1513
1513,1519,1514
1516,1457,1517
1517,1522,1518
1518,1523,1519
1515,1521,1516
1533,1544,1532
1532,1540,1528
1535,1543,1547
1524,1540,1536
1526,1539,1527
1534,1547,1546
66,1535,1534
57,1524,48
65,1532,64
49,1524,1525
1545,1602,1544
1602,1568,1566
1547,1605,1601
1536,1566,1567
1538,1599,1539
1546,1601,1604
1525,1536,1537
1533,1546,1545
1525,1538,1526
1527,1543,1531
1553,1564,1563
1529,1542,1541
1553,1562,1552
1566,1576,1569
1551,1565,1555
1552,1576,1568
1537,1567,1600
1545,1604,1603
1537,1598,1538
1539,1605,1543
1556,1559,1560
1557,1560,1561
1542,1559,1541
1558,1563,1559
1560,1563,1564
1561,1564,1565
1529,1556,1548
1551,1557,1561
1554,1565,1564
1548,1557,1549
1570,1572,1575
1530,1577,1573
1567,1569,1577
1570,1574,1573
1577,1570,1573
1576,1570,1569
1562,1582,1572
1581,1591,1580
1552,1572,1571
1530,1574,1542
1550,1582,1579
1550,1581,1580
1562,1550,1579
1574,1583,1584
1542,1550,1558
1542,1581,1578
1584,1586,1587
1585,1586,1583
1590,1588,1585
1584,1587,1589
1572,1583,1575
1582,1591,1590
1595,1592,1597
1587,1592,1593
1590,1597,1596
1596,1592,1594
1588,1596,1594
1587,1595,1589
1589,1597,1591
1588,1592,1586
1600,1530,1529
1598,1549,1599
1600,1548,1598
1604,1555,1554
1601,1551,1555
1599,1551,1605
1553,1552,1568
1603,1554,1553
1619,1644,1643
905,1615,1637
1621,904,1611
1614,1608,966
1608,1612,966
1623,1622,967
1650,1651,1617
1625,891,906
921,920,1626
1607,1615,905
1627,1618,890
1630,1616,890
1632,982,997
1637,1634,1635
1638,1642,1634
1633,1610,1648
1645,981,1651
1656,1646,981
1643,1644,981
837,1126,1125
1661,1630,1631
1670,859,1669
1671,860,875
1672,872,1664
1673,842,857
1675,1674,889
1677,1676,888
1659,1125,1124
1667,1665,843
1679,844,1669
1680,857,872
1665,1657,843
1695,1023,1682
1696,994,1683
1040,1140,1135
1685,1689,1025
1697,994,1688
1041,1040,1698
1699,995,1693
1683,1009,1008
1700,1008,1681
1701,1684,1135
1690,1687,1689
1026,1689,1011
1693,1687,1010
1702,1008,1023
1707,950,949
1708,935,934
1714,912,928
1709,917,912
1715,963,978
1716,943,1712
1717,943,958
1718,1710,912
1710,1720,897
1727,1713,1714
1730,1720,1711
1725,1731,1724
1722,928,1716
1726,1712,1717
1719,1724,973
1725,1721,958
1723,1711,1718
1734,1724,1731
282,278,1460
18,1448,1447
17,1447,1446
270,1454,1455
0,4,5
2,1,5
2,6,7
279,7,8
8,7,15
276,1456,1451
269,1453,1454
282,1464,1444
268,1452,1453
4,12,13
6,5,13
7,6,14
20,19,28
12,21,22
14,13,22
15,14,23
16,15,24
17,16,25
18,17,26
19,18,27
26,25,34
27,26,35
28,27,36
29,28,37
21,30,31
23,22,31
24,23,32
25,24,33
30,39,40
32,31,40
33,32,41
34,33,42
35,34,43
36,35,44
37,36,45
38,37,46
44,43,52
45,44,53
46,45,54
47,46,55
39,48,49
41,40,49
42,41,50
43,42,51
50,1526,1527
58,1531,1535
52,51,58
53,52,59
54,53,60
55,54,61
56,55,62
50,49,1525
61,60,69
62,61,70
63,62,71
66,1534,1533
57,64,1532
58,51,1527
59,58,67
60,59,68
65,74,75
66,75,76
67,76,77
68,77,78
69,78,79
70,79,80
71,80,81
65,64,73
78,87,88
79,88,89
80,89,90
74,73,82
74,83,84
75,84,85
76,85,86
77,86,87
84,93,94
85,94,95
86,95,96
87,96,97
88,97,98
89,98,99
83,82,91
83,92,93
97,106,107
98,107,108
92,91,100
92,101,102
93,102,103
94,103,104
95,104,105
96,105,106
103,112,113
104,113,114
105,114,115
106,115,116
107,116,117
101,100,109
101,110,111
102,111,112
116,126,127
110,109,119
110,120,121
111,121,122
112,122,123
113,123,124
124,1383,1380
142,151,1392
122,131,132
123,132,133
144,1391,1394
115,114,1380
126,135,136
120,119,128
120,129,130
121,130,131
135,144,145
128,137,138
129,138,139
130,139,140
131,140,141
132,141,142
133,1386,1383
126,116,1382
142,141,150
152,153,1394
135,1388,1391
145,144,153
137,146,147
138,147,148
140,139,148
141,140,149
146,155,156
148,147,156
149,148,157
149,158,159
151,150,159
152,151,160
153,152,161
154,153,162
160,159,168
161,160,169
162,161,170
163,162,171
155,164,165
157,156,165
158,157,166
159,158,167
166,165,174
167,166,175
168,167,176
169,168,177
170,169,178
171,170,179
172,171,180
164,173,174
179,178,187
180,179,188
181,180,189
173,182,183
175,174,183
176,175,184
177,176,185
178,177,186
185,184,193
186,185,194
187,186,195
188,187,196
189,188,197
190,189,198
182,191,192
184,183,192
198,197,206
199,198,207
191,200,201
193,192,201
194,193,202
195,194,203
196,195,204
197,196,205
203,202,211
204,203,212
205,204,213
206,205,214
207,206,215
208,207,216
200,209,210
202,201,210
215,224,225
216,225,226
210,209,218
210,219,220
211,220,221
212,221,222
213,222,223
214,223,224
221,230,231
222,231,232
223,232,233
224,233,234
225,234,235
219,218,227
219,228,229
220,229,230
234,243,244
228,227,236
228,237,238
229,238,239
230,239,240
231,240,241
232,241,242
233,242,243
239,248,249
240,249,250
241,250,251
242,251,252
191,182,437
243,252,253
237,236,245
82,359,366
237,246,247
254,493,500
238,247,248
227,472,479
252,261,262
246,245,254
48,39,324
246,255,256
173,164,422
247,256,257
0,272,507
248,257,258
146,137,401
249,258,259
64,345,352
250,259,260
236,479,486
251,260,261
218,209,458
258,267,268
109,380,387
259,268,269
263,500,507
260,269,270
30,21,310
261,270,271
255,254,263
200,191,444
255,264,265
119,387,394
256,265,266
57,48,331
257,266,267
218,465,472
245,486,493
265,264,273
91,366,373
266,265,274
155,146,408
266,275,276
73,352,359
8,16,1446
12,4,296
268,267,1451
182,173,430
280,1461,1456
100,373,380
19,20,1450
263,272,273
137,128,394
280,8,1440
209,200,451
11,1444,1450
39,30,317
278,271,1455
273,272,0
0,289,296
273,1,2
57,338,345
274,2,279
21,12,303
275,279,280
164,155,415
18,19,1449
713,720,1196
706,705,712
705,283,711
684,677,1207
288,290,705
290,291,283
291,292,284
292,293,285
721,722,1199
300,301,293
294,295,287
295,297,288
297,298,290
298,299,291
299,300,292
304,305,297
305,306,298
306,307,299
307,308,300
308,309,301
302,304,295
318,309,308
312,304,302
313,305,304
314,306,305
315,307,306
316,308,307
322,314,313
323,315,314
325,316,315
326,318,316
320,312,311
321,313,312
353,1299,1303
354,1300,1299
330,322,321
332,323,322
333,325,323
334,326,325
339,330,329
340,332,330
341,333,332
342,334,333
347,1298,1301
329,1292,1294
319,653,1306
329,321,1291
348,339,337
349,340,339
350,341,340
351,342,341
357,349,348
358,350,349
360,351,350
320,1289,1291
633,1302,1304
355,356,348
362,354,353
363,355,354
364,356,355
1667,843,1678
843,842,1678
367,358,357
368,360,358
375,367,365
376,368,367
370,362,361
371,363,362
372,364,363
374,365,364
377,378,370
378,379,371
379,381,372
381,382,374
382,383,375
383,384,376
390,391,383
391,392,384
385,386,378
386,388,379
388,389,381
389,390,382
396,388,386
397,389,388
397,398,390
398,399,391
399,400,392
395,386,385
407,409,400
402,403,395
403,404,396
404,405,397
405,406,398
406,407,399
411,412,404
412,413,405
413,414,406
414,416,407
416,417,409
410,411,403
424,425,417
418,419,411
419,420,412
420,421,413
421,423,414
423,424,416
428,429,421
429,431,423
431,432,424
432,433,425
426,427,419
427,428,420
434,435,427
435,436,428
436,438,429
438,439,431
439,440,432
440,441,433
447,439,438
448,440,439
449,441,440
443,435,434
445,436,435
446,438,436
452,443,442
453,445,443
454,446,445
455,447,446
456,448,447
457,449,448
463,455,454
464,456,455
466,457,456
460,452,450
461,453,452
462,454,453
468,460,459
469,461,460
470,462,461
471,463,462
473,464,463
474,466,464
481,473,471
482,474,473
476,468,467
477,469,468
478,470,469
480,471,470
483,484,476
484,485,477
485,487,478
488,480,478
489,481,480
490,482,481
497,489,488
498,490,489
492,484,483
494,485,484
495,487,485
496,488,487
504,496,495
505,497,496
506,498,497
501,492,491
502,494,492
503,495,494
415,408,620
493,693,699
458,665,672
472,677,684
303,296,519
338,331,550
486,690,693
507,704,513
296,289,513
317,310,531
345,564,569
331,324,545
359,576,583
345,338,557
373,588,595
430,422,633
310,303,526
444,437,646
324,317,538
352,569,576
387,602,607
408,401,614
458,451,658
465,672,677
422,415,626
366,583,588
437,430,639
500,699,704
380,595,602
451,444,653
479,684,690
394,607,614
508,747,748
743,758,757
508,737,752
744,759,758
738,753,752
745,760,759
739,754,753
512,511,750
746,761,760
740,755,754
740,741,756
511,510,749
510,509,748
742,757,756
527,528,744
525,527,743
518,508,509
525,742,741
516,517,509
523,524,741
516,510,511
523,740,739
515,511,512
522,739,738
530,746,745
521,738,737
528,529,745
518,520,737
546,516,515
539,537,524
546,544,517
536,525,524
543,518,517
535,527,525
534,528,527
543,542,520
533,529,528
541,521,520
540,522,521
548,547,515
533,532,530
539,523,522
558,540,541
566,532,533
556,541,542
565,533,534
554,555,542
563,534,535
554,543,544
562,535,536
552,553,544
561,536,537
551,552,546
559,560,537
549,551,547
559,539,540
570,568,565
575,558,556
582,551,549
567,566,565
574,559,558
581,552,551
574,573,560
581,580,553
573,572,561
579,554,553
572,571,562
579,578,555
571,570,563
577,556,555
587,589,580
594,596,573
587,581,582
594,574,575
586,582,584
593,575,577
601,567,568
592,577,578
600,568,570
590,591,578
599,570,571
597,598,571
590,579,580
597,572,573
606,598,597
605,599,598
615,613,591
604,600,599
612,592,591
603,601,600
611,593,592
619,618,586
610,594,593
617,587,586
610,609,596
617,616,589
608,597,596
615,590,589
625,627,613
634,635,605
625,615,616
632,634,606
624,616,617
632,608,609
622,623,617
630,631,609
629,630,610
622,618,619
628,629,611
637,603,604
628,612,613
635,636,604
647,645,630
652,623,622
645,644,631
652,651,624
643,632,631
651,650,625
679,700,1150
650,649,627
634,1033,694
648,628,627
640,636,635
647,629,628
638,637,636
654,622,621
664,647,648
673,638,640
662,663,648
671,640,641
679,1145,685
662,649,650
700,1044,1152
661,650,651
668,643,644
660,651,652
667,644,645
659,652,654
666,645,647
657,654,655
674,673,671
682,664,663
688,657,656
681,666,664
688,687,659
680,667,666
660,659,822
679,668,667
676,670,686
691,1134,812
634,632,1039
695,683,823
676,675,671
695,696,682
702,1051,675
1019,1138,1139
670,641,692
683,663,827
643,1034,1039
662,793,827
1018,1137,1138
700,679,680
691,687,688
698,680,681
1049,688,689
697,681,682
1051,703,674
550,545,459
576,418,410
564,557,442
588,402,393
646,1305,1306
531,526,483
633,626,1303
602,385,377
545,538,467
569,426,418
620,614,369
665,658,311
672,294,286
639,1304,1305
583,410,402
337,1294,1298
699,729,736
595,393,385
658,653,319
693,690,1208
607,377,369
626,620,361
693,722,729
665,302,294
690,684,1206
526,519,491
557,550,450
288,706,1202
704,736,499
519,513,499
538,531,475
564,434,426
287,288,1203
284,285,709
283,284,710
710,709,716
711,710,717
712,711,718
713,712,719
722,693,1209
286,1205,1207
719,726,727
720,727,728
721,728,729
717,716,723
718,717,724
719,718,725
724,723,730
725,724,731
726,725,732
727,726,733
728,727,734
729,728,735
734,733,503
735,734,502
736,735,501
731,730,506
732,731,505
733,732,504
747,752,767
747,762,763
757,758,773
748,763,764
758,759,774
757,772,771
750,749,764
760,775,774
755,756,771
751,750,765
761,776,775
754,755,770
754,769,768
753,768,767
770,771,786
766,765,780
770,785,784
787,772,1053
769,784,783
833,832,1065
768,783,782
775,790,789
762,767,782
776,791,790
762,777,778
763,778,779
772,787,786
765,764,779
791,806,805
824,1123,1128
777,1106,1107
787,802,801
1119,828,1124
828,1665,1667
785,786,801
809,1118,1123
785,800,799
779,794,795
773,1052,1053
784,799,798
781,780,795
789,1057,1054
790,805,804
802,817,816
795,794,809
800,801,816
796,795,810
799,800,815
802,787,1056
799,814,813
802,1059,1062
798,1109,1104
804,805,820
777,782,1105
806,821,820
782,783,1104
794,779,1108
838,839,1128
820,835,834
809,794,1113
821,836,835
365,357,1102
356,1100,1102
817,832,831
809,824,825
815,816,831
811,810,825
815,830,829
817,1062,1065
814,829,828
819,834,1066
825,824,839
830,831,846
825,840,841
829,830,845
833,848,847
1665,828,1657
828,829,1657
833,834,849
837,838,1127
834,835,850
364,1101,1100
836,851,850
364,365,1103
832,847,846
849,850,865
852,837,1673
837,1662,1673
851,866,865
837,852,853
838,853,854
847,862,861
840,839,854
845,846,861
841,840,855
1669,844,845
845,860,1670
860,1666,1670
847,848,863
858,843,1657
1657,1679,858
1679,1669,858
848,849,864
843,858,857
860,861,876
856,855,870
874,859,1671
859,1666,1671
862,863,878
859,874,873
864,879,878
858,873,872
865,880,879
867,852,1680
852,1658,1680
865,866,881
852,867,868
853,868,869
862,877,876
854,869,870
882,867,1672
867,1668,1672
1672,1664,887
880,881,896
867,882,883
868,883,884
877,892,891
870,869,884
1616,875,1629
875,876,1628
1629,875,1628
876,891,1627
891,1618,1627
870,885,886
877,878,893
1663,873,1675
873,874,1675
1675,874,1674
878,879,894
1664,872,1677
872,873,1677
873,1663,1676
880,895,894
886,885,900
892,893,908
903,888,1611
888,889,1611
893,894,909
888,903,902
895,910,909
897,882,1709
882,887,1709
896,911,910
898,883,1729
883,882,1729
898,1729,1723
882,897,1730
897,1720,1730
883,898,899
892,907,906
884,899,900
1634,890,1640
890,1618,1640
1618,1625,1640
1625,1624,1639
1639,1624,1638
1624,1613,1642
1613,905,1641
905,1635,1641
1613,1641,1642
1639,1640,1625
898,1723,1727
898,913,914
907,922,921
900,899,914
905,1613,1626
900,915,916
919,904,1615
1615,1607,920
907,908,923
903,904,919
909,924,923
903,918,917
909,910,925
911,926,925
923,939,938
1706,918,1708
918,919,1708
923,924,940
933,917,1706
917,918,1706
925,941,940
912,917,933
926,942,941
929,913,1728
913,1727,1728
913,929,930
922,938,937
914,930,931
920,921,937
915,931,932
1704,919,920
920,936,1704
930,929,944
938,953,952
930,945,946
936,937,952
931,946,947
1705,935,936
936,951,1705
939,954,953
1703,934,1707
934,935,1707
940,955,954
948,933,1703
933,934,1703
941,956,955
928,933,948
942,957,956
944,929,1732
929,1722,1732
950,965,964
954,955,970
949,964,963
956,971,970
943,948,963
957,972,971
959,944,1733
944,1726,1733
944,959,960
953,968,967
946,945,960
1608,951,1612
951,952,1612
946,961,962
965,950,1614
950,951,1614
954,969,968
959,974,975
968,983,982
961,960,975
1645,966,1655
966,1612,1655
1612,1622,1654
1622,1623,1653
1623,1609,1652
1609,1646,1656
1609,1656,1652
1654,1655,1612
1653,1654,1622
962,961,976
968,969,984
979,964,1617
964,965,1617
969,970,985
964,979,978
971,986,985
1725,958,1731
958,1715,1731
972,987,986
974,959,1721
1721,1725,1724
1724,1719,1721
985,1000,999
993,978,1696
978,979,1696
979,1688,1696
986,1001,1000
973,978,993
987,1002,1001
989,974,1719
1719,973,988
974,989,990
983,998,997
975,990,991
1643,981,1647
981,1646,1647
976,991,992
995,980,1620
1619,1610,996
995,1620,1619
983,984,999
1688,979,1697
979,980,1697
980,995,1697
998,1013,1012
990,1005,1006
996,997,1012
991,1006,1007
1693,995,996
996,1011,1693
998,999,1014
1009,994,1699
994,1694,1699
1699,1693,1009
1000,1015,1014
1001,1016,1015
1003,988,1700
988,993,1686
1700,988,1686
1002,1017,1016
988,1003,1004
990,989,1004
1009,1024,1023
1016,1031,1030
1018,1003,1702
1003,1681,1702
1016,1017,1032
1003,1018,1019
1004,1019,1020
1013,1028,1027
1006,1005,1020
1011,1012,1027
1006,1021,1022
1013,1014,1029
1024,1009,1685
1009,1010,1690
1690,1689,1685
1015,1030,1029
1021,1020,1035
1026,1027,1043
1021,1036,1037
1026,1042,1041
1028,1029,1045
1024,1685,1698
1030,1046,1045
687,812,822
1031,1047,1046
691,1035,1144
1032,1048,1047
1137,1018,1136
1018,1692,1695
1695,1682,1136
661,792,793
1028,1044,1043
1035,1020,1139
1047,1048,703
1682,1023,1701
1023,1024,1684
661,660,808
1043,1044,700
1035,691,1049
1042,1043,698
1036,1049,1050
1041,1042,697
702,1148,1153
1041,696,695
1045,1046,1153
695,1130,1140
1046,1047,1051
1059,1071,1074
1064,1065,1077
1052,818,803
1062,1074,1077
1057,1069,788
1060,1063,1075
1059,1056,1068
1063,1066,1078
804,819,1063
804,1060,1057
774,1054,1052
834,833,1064
1071,1081,1083
1076,1077,1086
818,1061,1058
1074,1083,1086
1069,1080,1055
1072,1075,1084
1071,1068,1079
1075,1078,1087
1056,1053,803
1060,1072,1069
1066,1064,1076
1054,788,818
1061,1073,1070
1083,1095,1098
1080,1090,1067
1082,1084,1096
1081,1079,1089
1084,1087,1099
1055,1067,1073
1087,1085,1097
1068,803,1058
1072,1082,1080
1078,1076,1085
788,1055,1061
1073,1088,1089
1073,1067,1090
1088,1091,1092
1088,1090,1093
1091,1094,1095
1091,1093,1096
1095,1094,1097
1096,1099,1097
1085,1086,1098
1081,1092,1095
1079,1058,1070
1082,1093,1090
1103,1102,1100
1104,1109,1110
1106,1105,1110
1107,1106,1111
1107,1112,1113
1109,1114,1115
1111,1110,1115
1112,1111,1116
1113,1112,1117
1114,1119,1120
1116,1115,1120
1116,1121,1122
1118,1117,1122
1119,1124,1125
1121,1120,1125
1121,1126,1127
1123,1122,1127
813,828,1119
813,1114,1109
778,1107,1108
797,823,827
807,808,822
807,1129,792
1129,797,793
1130,823,797
1132,1131,797
1132,1129,807
1133,807,812
1135,1140,1141
1137,1136,1141
1137,1142,1143
1138,1143,1144
1141,1131,1132
1142,1132,1133
1143,1133,1134
1140,1130,1131
686,1154,1161
1148,1162,1167
685,1145,1159
692,694,1156
1145,1150,1164
1150,1152,1166
1033,1039,1158
1153,1167,1165
686,692,1155
1147,1161,1162
676,1147,1148
1045,1151,1152
641,635,694
668,685,1034
678,1146,1172
1155,1156,1170
1154,1168,1174
1157,1158,1172
1162,1175,1179
1156,1157,1171
701,1159,1173
1159,1164,1176
1154,1155,1169
1164,1166,1178
685,701,678
1034,678,1158
694,1033,1157
1151,1165,1166
1176,1178,1192
1179,1193,1191
1174,1187,1188
1149,1163,1160
1177,1191,1192
1146,1160,1184
1169,1170,1182
1168,1180,1187
1171,1172,1184
1175,1188,1193
1165,1177,1178
701,1149,1146
1161,1174,1175
1167,1179,1177
1160,642,1183
642,1181,1182
1180,1181,642
669,642,1160
1186,669,1163
1187,1180,669
1188,1187,1186
1190,1189,1186
1192,1191,1189
1193,1188,1189
1168,1169,1181
1173,1176,1190
1149,1173,1185
1170,1171,1183
1204,1203,1214
1208,1219,1220
1199,1209,1220
1205,1204,1215
1197,1196,708
1208,1206,1217
1194,715,708
1205,1216,1218
1197,707,1213
706,713,1197
720,721,1194
286,287,1204
1219,1231,1232
1211,1220,1232
1216,1215,1227
707,708,1198
1219,1217,1229
715,1201,1198
1216,1228,1230
707,1195,1225
1217,1218,1230
1199,1211,715
1202,1213,1214
1206,1207,1218
1222,1232,1241
1228,1227,1236
1231,1229,1238
714,1195,1262
1195,1198,1210
1201,1212,1210
1228,1237,1239
1234,1225,1257
1225,1195,1257
1195,714,1256
1229,1230,1239
1235,1226,1225
1225,1234,1259
1215,1214,1226
1211,1222,1201
1213,1225,1226
1237,1236,1248
1240,1238,1250
1256,1273,1275
1212,1224,1221
1237,1249,1251
1246,1279,1280
1238,1239,1251
1247,1235,1284
1233,1243,1224
1231,1240,1241
1227,1226,1235
1222,1233,1212
1223,1245,1254
1245,1246,1255
1255,1254,1245
1245,1248,1258
1248,1247,1258
1249,1248,1245
1250,1244,1242
1251,1249,1244
1252,1242,1243
1244,1245,1223
1224,1223,1221
1223,1200,1261
1242,1223,1224
1233,1241,1253
1240,1252,1253
1236,1235,1247
1266,1264,1263
1257,1270,1268
1260,1274,1276
1221,1261,1265
1257,1255,1280
1262,1210,1264
1221,1263,1264
1262,1266,1265
1270,1269,1267
1257,1256,1269
1254,1255,1268
1256,1254,1267
1272,1271,1276
1274,1275,1273
714,1262,1271
1261,1276,1271
714,1272,1273
1260,1254,1275
1278,1277,1280
1281,1282,1278
1234,1278,1282
1258,1259,1282
1234,1257,1277
1246,1258,1281
1283,1286,1285
1259,1258,1286
1247,1285,1286
1259,1283,1284
1299,1311,1315
1302,1303,1315
1287,1306,1318
1300,1301,1313
1294,1292,327
1299,1300,1312
1294,1307,1310
1289,336,328
1287,346,336
1305,1317,1318
1298,1310,1313
1292,1291,328
354,355,1301
319,1287,1289
1317,1331,1332
1310,1324,1327
1316,1330,1331
1316,1314,1328
1311,1325,1329
1314,1315,1329
346,1318,1332
1312,1313,1327
1307,327,1296
1311,1312,1326
1307,1320,1324
336,1295,1297
1304,1302,1314
1304,1316,1317
1290,1309,1308
1331,1341,1342
1324,1334,1337
1330,1340,1341
1330,1328,1338
335,1296,1358
1296,1297,344
1325,1335,1339
1328,1329,1339
1290,1332,1342
1326,1327,1337
1333,1320,1360
1320,1296,335
1326,1336,1335
346,1290,1295
327,328,1297
1335,1336,1350
1334,1333,1362
1308,1321,1323
1308,1309,1293
1341,1355,1356
1334,1348,1351
1340,1354,1355
1338,1352,1354
1335,1349,1353
1361,1378,1379
1338,1339,1353
1309,1342,1356
1295,1308,344
1320,1333,1334
1319,1321,1293
1321,1319,1357
1319,1322,1357
1345,1319,1288
1319,1345,1359
1345,1344,1359
1347,1345,1343
1348,1344,1345
1349,1350,1347
1350,1351,1348
1354,1352,1346
1356,1355,1288
1352,1353,1349
1355,1354,1343
1360,335,1367
1336,1337,1351
1364,1362,1363
1323,1357,1374
1333,1368,1369
1344,1363,1362
1334,1364,1365
1344,1348,1365
1368,1366,1371
1370,1371,1366
1359,1344,1369
1359,1371,1370
1360,1366,1368
1361,1370,1367
1375,1372,1373
1358,1375,1374
1323,1373,1372
1358,344,1372
1377,1376,1379
335,1358,1376
1358,1357,1379
335,1377,1378
1394,1391,1403
1388,1400,1403
1393,1405,1404
1381,1380,143
1383,1386,1398
1389,1392,1404
1380,1383,1395
1386,1389,1401
133,142,1389
115,1381,1382
152,1393,1392
135,126,1385
1403,1415,1418
1400,1412,1415
1404,1405,1417
143,1390,1387
1398,1410,1407
1401,1404,1416
1395,1407,1390
1398,1401,1413
1385,1382,125
1385,1397,1400
1394,1406,1405
1382,1381,134
1390,1402,1399
1416,1417,1426
1410,1421,1419
1413,1416,1425
1407,1419,1402
1410,1413,1423
1387,1399,1396
1417,1418,1427
1397,125,1384
1400,1397,1409
1405,1406,1418
134,1387,1384
1425,1426,1438
1421,1431,1428
1423,1425,1437
1419,1428,1414
1421,1423,1434
1399,1411,1408
1426,1427,1439
1422,1420,1430
1412,1422,1424
1415,1424,1427
1409,1384,1396
1412,1409,1420
1414,1428,1429
1411,1429,1430
1428,1431,1432
1429,1432,1433
1431,1434,1435
1432,1435,1436
1435,1434,1437
1436,1435,1438
1402,1414,1411
1422,1433,1436
1424,1436,1439
1420,1396,1408
1461,1474,1472
1454,1470,1471
1440,1446,10
1464,1460,1473
1453,1469,1470
1464,1475,277
1456,1472,1467
1449,1450,1466
1453,1452,1468
1460,1455,1471
1448,1449,1465
1452,1451,1467
1461,1440,281
1448,3,9
1444,277,1466
1447,9,10
1471,1482,1487
1468,1467,1478
281,1476,1488
1466,277,1442
9,1459,1458
1472,1474,1488
1471,1470,1481
3,1463,1459
10,1458,1476
1475,1473,1487
1465,1462,1463
1470,1469,1480
277,1475,1491
1472,1483,1478
1466,1477,1462
1469,1468,1479
1442,1493,1498
1463,1462,1497
1483,1488,1506
1481,1502,1503
1459,1463,1496
1476,1458,1494
1491,1487,1505
1480,1501,1502
1491,1507,1493
1483,1504,1499
1458,1459,1495
1462,1477,1498
1479,1500,1501
1487,1482,1503
1478,1499,1500
1488,1476,1492
1506,1520,1515
1502,1513,1514
1492,1494,1445
1507,1505,1519
1501,1512,1513
1507,1523,1484
1504,1515,1510
1497,1498,1509
1500,1511,1512
1505,1503,1514
1496,1497,1508
1499,1510,1511
1506,1492,1490
1495,1496,1441
1493,1484,1509
1494,1495,1443
1521,1520,1490
1457,1521,1489
1522,1457,1486
1523,1522,1485
1489,1490,1445
1486,1489,1443
1485,1486,1441
1484,1485,1508
1510,1515,1516
1511,1516,1517
1512,1517,1518
1513,1518,1519
1516,1521,1457
1517,1457,1522
1518,1522,1523
1515,1520,1521
1533,1545,1544
1532,1544,1540
1535,1531,1543
1524,1528,1540
1526,1538,1539
1534,1535,1547
66,67,1535
57,1528,1524
65,1533,1532
49,48,1524
1545,1603,1602
1566,1540,1602
1540,1544,1602
1547,1543,1605
1536,1540,1566
1538,1598,1599
1546,1547,1601
1525,1524,1536
1533,1534,1546
1525,1537,1538
1527,1539,1543
1553,1554,1564
1529,1530,1542
1553,1563,1562
1566,1568,1576
1551,1561,1565
1552,1571,1576
1537,1536,1567
1545,1546,1604
1537,1600,1598
1539,1599,1605
1556,1541,1559
1557,1556,1560
1542,1558,1559
1558,1562,1563
1560,1559,1563
1561,1560,1564
1529,1541,1556
1551,1549,1557
1554,1555,1565
1548,1556,1557
1570,1571,1572
1530,1567,1577
1567,1566,1569
1570,1575,1574
1577,1569,1570
1576,1571,1570
1562,1579,1582
1581,1589,1591
1552,1562,1572
1530,1573,1574
1550,1580,1582
1550,1578,1581
1562,1558,1550
1574,1575,1583
1542,1578,1550
1542,1574,1581
1584,1583,1586
1585,1588,1586
1585,1572,1590
1572,1582,1590
1589,1581,1574
1574,1584,1589
1572,1585,1583
1582,1580,1591
1595,1593,1592
1587,1586,1592
1590,1591,1597
1596,1597,1592
1588,1590,1596
1587,1593,1595
1589,1595,1597
1588,1594,1592
1600,1567,1530
1598,1548,1549
1600,1529,1548
1604,1601,1555
1601,1605,1551
1599,1549,1551
1568,1602,1603
1603,1553,1568
1603,1604,1554
1643,1610,1619
1619,1620,1644
1620,980,1644
1621,1611,1636
1611,1606,1636
1606,890,1636
890,1634,1636
1615,1621,1637
1637,1621,1636
1635,905,1637
1621,1615,904
982,1609,1623
1622,1612,967
982,1623,967
980,1617,1651
1617,1614,1650
1614,966,1649
966,1645,1649
1651,1644,980
1614,1649,1650
906,1613,1624
1625,1618,891
906,1624,1625
920,1607,1626
1626,1613,921
1613,906,921
890,1616,1629
1629,1628,890
1628,1627,890
890,1606,1631
1631,1630,890
996,1610,1633
1632,1609,982
996,1633,997
1633,1632,997
1637,1636,1634
1635,1634,1642
1634,1640,1638
1635,1642,1641
1640,1639,1638
1610,1643,1647
1648,1646,1632
1646,1609,1632
1610,1647,1648
1632,1633,1648
981,1644,1651
1651,1650,1645
1650,1649,1645
981,1645,1652
1645,1655,1654
1652,1645,1654
1654,1653,1652
1652,1656,981
1125,1659,1662
1662,837,1125
889,1660,1631
1660,1661,1631
1661,875,1630
875,1616,1630
1606,889,1631
1670,1666,859
875,1661,1671
1671,1666,860
1672,1668,872
857,1658,1673
1673,1662,842
888,1663,1675
1674,1660,889
888,1675,889
887,1664,1677
1676,1663,888
887,1677,888
1124,1667,1678
1678,1659,1124
1679,1657,844
872,1668,1680
1680,1658,857
1695,1692,1023
1696,1688,994
1135,1684,1040
1684,1691,1040
1697,1694,994
1040,1691,1698
1698,1685,1025
1025,1041,1698
1699,1694,995
1008,1686,1683
1683,994,1009
1700,1686,1008
1136,1682,1135
1682,1701,1135
1025,1689,1026
1689,1687,1011
1023,1692,1702
1702,1681,1008
949,1703,1707
1707,1705,950
934,1706,1708
1708,1704,935
1714,1713,912
912,1710,1709
1709,902,917
978,973,1734
1715,958,963
978,1734,1715
1716,928,943
1717,1712,943
912,1713,1718
1718,1711,1710
1710,1711,1720
928,1722,1714
1722,1728,1714
1728,1727,1714
1711,1723,1729
1729,1730,1711
1712,1726,1716
1726,1732,1716
1732,1722,1716
958,1721,1717
1721,1733,1717
1733,1726,1717
1713,1727,1718
1727,1723,1718
1734,973,1724
