-116.10543060302734,99.11251068115234,100.19597625732422
-114.49571990966797,98.19183349609375,89.02452087402344
-115.53943634033203,99.02348327636719,74.3565673828125
-68.19684600830078,107.05237579345703,23.855527877807617
-119.1200180053711,115.66062927246094,99.65779113769531
-116.8192367553711,114.11746215820312,88.2894287109375
-116.17119598388672,114.60511779785156,75.73992919921875
-112.31963348388672,114.74382019042969,64.24835205078125
-102.25819396972656,114.9292984008789,50.09772491455078
-75.36629486083984,108.63603210449219,26.265995025634766
-81.8070297241211,110.3450698852539,28.166879653930664
-9.117332458496094,103.16043090820312,28.262271881103516
-112.18317413330078,130.9494171142578,99.50253295898438
-111.99932098388672,129.392578125,87.75261688232422
-110.5806655883789,129.70794677734375,75.77574157714844
-103.70958709716797,128.3041534423828,65.05300903320312
-93.6926498413086,127.40314483642578,52.57758331298828
-75.87669372558594,122.45982360839844,44.8392333984375
-56.149314880371094,117.87915802001953,35.379886627197266
-32.5848274230957,112.16619873046875,31.584014892578125
-7.51292085647583,106.1977767944336,28.262271881103516
-99.12805938720703,145.0453643798828,99.49950408935547
-100.46125793457031,145.01797485351562,87.72544860839844
-98.8075942993164,144.71348571777344,75.98589324951172
-92.1746597290039,142.25294494628906,64.72199249267578
-81.37744140625,138.3403778076172,54.01862335205078
-66.43278503417969,132.60533142089844,44.8404541015625
-48.25603485107422,125.6388931274414,37.167701721191406
-27.449214935302734,117.64665985107422,31.709287643432617
-4.907507419586182,108.99701690673828,28.262271881103516
-81.69132232666016,157.55905151367188,99.49138641357422
-83.6548843383789,158.68667602539062,87.67372131347656
-81.66960144042969,157.52157592773438,75.87355041503906
-75.87577819824219,154.21888732910156,64.49290466308594
-66.43277740478516,148.79647827148438,54.019840240478516
-53.724159240722656,141.4982452392578,44.8404541015625
-38.23863983154297,132.60533142089844,37.30712890625
-20.57134437561035,122.45946502685547,31.7093505859375
-1.4012017250061035,111.45056915283203,28.262271881103516
-60.21229934692383,167.68197631835938,99.49138641357422
-61.755062103271484,169.0079345703125,87.67372131347656
-60.21229934692383,167.68197631835938,75.8560562133789
-55.64335250854492,163.75514221191406,64.4925308227539
-48.223751068115234,157.37828063964844,54.019840240478516
-38.238643646240234,148.79647827148438,44.8404541015625
-26.071744918823242,138.33950805664062,37.30712890625
-12.190644264221191,126.40924072265625,31.7093505859375
2.8712449073791504,113.46414184570312,28.262271881103516
-35.707061767578125,175.20399475097656,99.49138641357422
-36.76973342895508,176.67730712890625,87.67372131347656
-35.707061767578125,175.20399475097656,75.8560562133789
-32.5599250793457,170.84071350097656,64.4925308227539
-27.449193954467773,163.75514221191406,54.019840240478516
-20.57133674621582,154.21954345703125,44.8404541015625
-12.190633773803711,142.6003875732422,37.30712890625
-2.629168748855591,129.3441925048828,31.7093505859375
7.745640277862549,114.96036529541016,28.262271881103516
-9.117315292358398,179.83602905273438,99.49138641357422
-7.512933254241943,175.20401000976562,64.4925308227539
-4.907502174377441,167.68199157714844,54.019840240478516
-1.401201844215393,157.55906677246094,44.8404541015625
2.8712472915649414,145.22422790527344,37.30712890625
7.7456374168396,131.15151977539062,31.7093505859375
13.034668922424316,115.8817367553711,28.262271881103516
18.535083770751953,181.40008544921875,99.49138641357422
18.53508186340332,182.9947967529297,87.67372131347656
18.535083770751953,181.40008544921875,75.8560562133789
18.53506088256836,176.6773223876953,64.4925308227539
18.535076141357422,169.0079345703125,54.019840240478516
18.53507423400879,158.68667602539062,44.8404541015625
18.535078048706055,146.1101837158203,37.30712890625
18.53507423400879,131.76177978515625,31.7093505859375
18.53507423400879,116.1928482055664,28.262271881103516
46.18748474121094,179.83602905273438,99.49138641357422
46.72923278808594,181.4001007080078,87.67372131347656
46.18748474121094,179.83602905273438,75.8560562133789
44.58305740356445,175.20401000976562,64.4925308227539
41.9776496887207,167.68199157714844,54.019840240478516
38.471343994140625,157.55905151367188,44.8404541015625
34.198909759521484,145.22422790527344,37.30712890625
29.324508666992188,131.15151977539062,31.7093505859375
24.035480499267578,115.8817367553711,28.262271881103516
72.77720642089844,175.20399475097656,99.49138641357422
73.83988952636719,176.6773223876953,87.67372131347656
72.77720642089844,175.20399475097656,75.8560562133789
69.6300277709961,170.84072875976562,64.4925308227539
64.51934051513672,163.755126953125,54.019840240478516
57.6414794921875,154.21954345703125,44.8404541015625
49.26078796386719,142.6003875732422,37.30712890625
39.699310302734375,129.3441925048828,31.7093505859375
29.324508666992188,114.96036529541016,28.262271881103516
97.2824478149414,167.68197631835938,99.49138641357422
98.82933807373047,169.01368713378906,87.67229461669922
97.28489685058594,167.68539428710938,75.8552017211914
92.7134780883789,163.75514221191406,64.4925308227539
85.29389190673828,157.37828063964844,54.019840240478516
75.30876922607422,148.79647827148438,44.8404541015625
63.203208923339844,138.45188903808594,36.8676643371582
49.2794075012207,126.44793701171875,31.549028396606445
34.19890594482422,113.46414184570312,28.262271881103516
118.45906066894531,157.37918090820312,99.37850952148438
121.0776596069336,159.49960327148438,87.22068786621094
119.748046875,159.0270233154297,75.36236572265625
113.28843688964844,154.68252563476562,64.369140625
103.5030517578125,148.79664611816406,54.01979064941406
91.1475601196289,142.10401916503906,43.66946792602539
75.96391296386719,133.69960021972656,33.25715637207031
58.048011779785156,123.16606903076172,28.570302963256836
38.47334671020508,111.45331573486328,28.240737915039062
135.4366912841797,144.7705841064453,99.21415710449219
136.83363342285156,144.92544555664062,87.35047912597656
136.77162170410156,145.86090087890625,74.97084045410156
131.83663940429688,144.8936309814453,63.55583572387695
118.63970947265625,138.51815795898438,53.944305419921875
105.45225524902344,134.84527587890625,39.18027114868164
86.33260345458984,126.96672821044922,31.736751556396484
65.2864761352539,118.74824523925781,26.424333572387695
42.027076721191406,109.04362487792969,27.67321014404297
18.535078048706055,100.00169372558594,27.098342895507812
147.9779510498047,130.91514587402344,99.25452423095703
147.92262268066406,129.7144012451172,87.71794128417969
147.84109497070312,130.34298706054688,75.10029602050781
145.2802734375,132.199462890625,61.536537170410156
131.7485809326172,128.14639282226562,50.309234619140625
116.05345153808594,124.64946746826172,36.637489318847656
82.42503356933594,118.12020874023438,6.457729339599609
70.69573974609375,113.2724838256836,25.054485321044922
44.728614807128906,106.29954528808594,26.594289779663086
152.8604736328125,116.28631591796875,99.09362030029297
153.19044494628906,116.03817749023438,87.46795654296875
155.1523895263672,116.82649993896484,74.98017883300781
153.26971435546875,117.46858215332031,60.86531448364258
142.72767639160156,116.71424865722656,41.26031494140625
126.52276611328125,115.72209167480469,27.314300537109375
93.38296508789062,123.11271667480469,13.792110443115234
73.95022583007812,107.12191772460938,24.772811889648438
46.44666290283203,103.24525451660156,25.356952667236328
152.5640106201172,101.09761810302734,99.13298797607422
152.74722290039062,101.30512237548828,87.64964294433594
153.7311248779297,101.60304260253906,75.81755828857422
152.24069213867188,101.317626953125,61.94075012207031
142.7116241455078,100.33187103271484,45.50057601928711
128.77044677734375,103.82967376708984,27.39231300354004
102.80374908447266,127.89871978759766,21.95272445678711
74.78238677978516,100.00170135498047,26.310993194580078
47.03302001953125,100.00169372558594,24.88959503173828
152.3489227294922,85.5263900756836,99.30707550048828
152.808349609375,86.10924530029297,87.95122528076172
151.95188903808594,86.33118438720703,76.28192138671875
148.92843627929688,85.45957946777344,61.87315368652344
143.782470703125,82.85869598388672,40.49210739135742
126.59020233154297,84.24069213867188,27.268022537231445
99.2934799194336,89.83924102783203,29.853076934814453
73.9502182006836,92.88148498535156,24.772815704345703
46.446659088134766,96.75814056396484,25.356952667236328
148.64080810546875,69.15266418457031,99.445556640625
150.4066619873047,68.91496276855469,87.82463836669922
148.70811462402344,68.97882080078125,75.6289291381836
143.79893493652344,69.20393371582031,61.797157287597656
132.1763916015625,71.8862533569336,49.79774856567383
116.07009887695312,75.34390258789062,36.626068115234375
94.68897247314453,80.6416015625,29.007259368896484
70.69573211669922,86.73091888427734,25.054489135742188
44.72861099243164,93.70384979248047,26.594289779663086
136.38710021972656,54.779911041259766,99.49119567871094
138.6966552734375,53.89375305175781,87.673828125
136.37045288085938,54.790321350097656,75.862548828125
129.54820251464844,57.403621673583984,64.48812866210938
118.44654846191406,61.663963317871094,54.01988220214844
105.45223236083984,65.1581039428711,39.180267333984375
86.33258819580078,73.03666687011719,31.73674774169922
65.28646087646484,81.25515747070312,26.424335479736328
42.027069091796875,90.95977783203125,27.67321014404297
118.76142883300781,42.444366455078125,99.49138641357422
120.7249984741211,41.31673049926758,87.67372131347656
118.76142883300781,42.444366455078125,75.8560562133789
112.9462661743164,45.783870697021484,64.4925308227539
103.50286102294922,51.206947326660156,54.019840240478516
91.14755249023438,57.89937973022461,43.669464111328125
75.9638900756836,66.3038101196289,33.25715637207031
58.04799270629883,76.83732604980469,28.570308685302734
38.47333908081055,88.55007934570312,28.240737915039062
97.28239440917969,32.32143020629883,99.49138641357422
98.82518005371094,30.995479583740234,87.67372131347656
97.28239440917969,32.32143020629883,75.8560562133789
92.7134780883789,36.24827194213867,64.4925308227539
85.29383850097656,42.62514114379883,54.019840240478516
75.30875396728516,51.20693588256836,44.8404541015625
63.203182220458984,61.5515251159668,36.8676643371582
49.27938461303711,73.55547332763672,31.54903221130371
34.19889831542969,86.53925323486328,28.262271881103516
72.77715301513672,24.79942512512207,99.49138641357422
73.83983612060547,23.32610511779785,87.67372131347656
72.77715301513672,24.79942512512207,75.8560562133789
69.63004302978516,29.162683486938477,64.4925308227539
64.51930236816406,36.248294830322266,54.019840240478516
57.64146423339844,45.78385925292969,44.8404541015625
49.260765075683594,57.40302276611328,37.30712890625
39.69929122924805,70.65922546386719,31.7093505859375
29.32450294494629,85.04303741455078,28.262271881103516
46.18743896484375,20.167390823364258,99.49138641357422
46.72919464111328,18.60331916809082,87.67372131347656
46.18743896484375,20.167390823364258,75.8560562133789
44.583072662353516,24.799402236938477,64.4925308227539
41.97761535644531,32.321441650390625,54.019840240478516
38.47132873535156,42.44435119628906,44.8404541015625
34.19889450073242,54.7791862487793,37.30712890625
29.32449722290039,68.85189819335938,31.7093505859375
24.035478591918945,84.12166595458984,28.262271881103516
18.53504753112793,18.603347778320312,99.49138641357422
18.53505516052246,17.008636474609375,87.67372131347656
18.53504753112793,18.603347778320312,75.8560562133789
18.535079956054688,23.32610321044922,64.4925308227539
18.53505516052246,30.995506286621094,54.019840240478516
18.53506088256836,41.31673812866211,44.8404541015625
18.535070419311523,53.89323043823242,37.30712890625
18.53506851196289,68.24163818359375,31.7093505859375
18.535078048706055,83.81055450439453,28.262271881103516
-9.11733627319336,20.167402267456055,99.49138641357422
-9.65908432006836,18.603330612182617,87.67372131347656
-9.11733627319336,20.167402267456055,75.8560562133789
-7.512909412384033,24.79939842224121,64.4925308227539
-4.90750789642334,32.32145690917969,54.019840240478516
-1.4012082815170288,42.44435501098633,44.8404541015625
2.8712501525878906,54.77919006347656,37.30712890625
7.7456440925598145,68.85189819335938,31.7093505859375
13.034675598144531,84.12166595458984,28.262271881103516
-35.70705795288086,24.7994441986084,99.49138641357422
-36.769737243652344,23.32612419128418,87.67372131347656
-35.70705795288086,24.7994441986084,75.8560562133789
-32.55989074707031,29.162687301635742,64.4925308227539
-27.449186325073242,36.24829864501953,54.019840240478516
-20.571340560913086,45.783870697021484,44.8404541015625
-12.190620422363281,57.40303421020508,37.30712890625
-2.606531858444214,70.73137664794922,31.98093032836914
7.745650768280029,85.04302978515625,28.262271881103516
-60.212276458740234,32.32145309448242,99.49138641357422
-61.75504684448242,30.995502471923828,87.67372131347656
-60.212276458740234,32.32145309448242,75.8560562133789
-55.643306732177734,36.248268127441406,64.4925308227539
-48.22371292114258,42.62516403198242,54.019840240478516
-38.238624572753906,51.206939697265625,44.8404541015625
-26.071718215942383,61.66391372680664,37.30712890625
-12.116053581237793,73.79156494140625,32.49500274658203
2.8712592124938965,86.53925323486328,28.262271881103516
-81.69127655029297,42.44438552856445,99.49138641357422
-83.65483093261719,41.31679916381836,87.67372131347656
-81.6912612915039,42.44441223144531,75.8560562133789
-75.87611389160156,45.78386306762695,64.4925308227539
-66.4327392578125,51.20697021484375,54.019840240478516
-53.72413635253906,58.50516891479492,44.8404541015625
-38.23860168457031,67.3980941772461,37.30712890625
-20.4707088470459,77.74198150634766,32.61429214477539
-1.4011836051940918,88.5528335571289,28.262271881103516
-99.31269836425781,54.786861419677734,99.49232482910156
-100.74491119384766,55.02238845825195,87.80756378173828
-98.35629272460938,56.083621978759766,75.76234436035156
-94.02005767822266,56.29184341430664,62.89048767089844
-81.43038940429688,61.65514373779297,53.93534851074219
-66.49280548095703,67.35557556152344,44.677642822265625
-48.25165557861328,74.49120330810547,37.39115905761719
-27.366775512695312,82.49825286865234,32.46595764160156
-4.90748929977417,91.00637817382812,28.262271881103516
-112.6482162475586,68.73076629638672,99.57737731933594
-113.2639389038086,69.95789337158203,87.45360565185547
-109.33146667480469,73.02617645263672,75.82213592529297
-109.68412017822266,68.47366333007812,59.321380615234375
-96.58052825927734,71.25202941894531,47.612030029296875
-77.90966033935547,76.1830062866211,39.93893814086914
-56.45124816894531,81.91539764404297,34.46234893798828
-32.54679489135742,87.86677551269531,31.84796142578125
-7.512902736663818,93.80561828613281,28.262271881103516
-123.1112289428711,81.88587951660156,100.93716430664062
-122.80533599853516,82.09223175048828,88.3857421875
-123.54242706298828,81.71855926513672,72.59001159667969
-120.50389862060547,82.84986877441406,57.06858825683594
-107.35566711425781,83.8871841430664,41.404640197753906
-51.757667541503906,101.9637222290039,23.404651641845703
-9.117311477661133,96.84296417236328,28.262271881103516
-114.7936019897461,96.50119018554688,61.90188980102539
-108.12810516357422,99.46709442138672,44.483707427978516
-84.64269256591797,106.03297424316406,26.952688217163086
-9.659051895141602,100.00169372558594,28.262271881103516
-19.446622848510742,69.51647186279297,260.25091552734375
-8.408724784851074,79.00310516357422,264.7021179199219
3.568077564239502,89.29669189453125,267.4431457519531
-27.108388900756836,40.20280075073242,229.59783935546875
-24.6058406829834,43.672340393066406,238.6337890625
-20.54194450378418,49.306644439697266,246.96139526367188
-112.6218490600586,100.00169372558594,143.40281677246094
-15.072854995727539,56.88908004760742,254.26065063476562
-8.408729553222656,66.12832641601562,260.25091552734375
-0.8056954741477966,76.66930389404297,264.7021179199219
7.444071292877197,88.10693359375,267.4431457519531
-5.964930534362793,36.519527435302734,229.59783935546875
-4.6891303062438965,40.20277404785156,238.6337890625
-110.14995574951172,114.41450500488281,143.40281677246094
-2.6173853874206543,46.18411636352539,246.96139526367188
0.1707364022731781,54.233585357666016,254.26065063476562
3.5680835247039795,64.04191589355469,260.25091552734375
7.444074630737305,75.23216247558594,264.7021179199219
11.649770736694336,87.37428283691406,267.4431457519531
16.023529052734375,35.27583312988281,229.59783935546875
-102.82927703857422,128.2734375,143.40281677246094
16.0235538482666,39.03124237060547,238.6337890625
16.023534774780273,45.12975311279297,246.96139526367188
16.02353858947754,53.33692932128906,254.26065063476562
16.023550033569336,63.33741760253906,260.25091552734375
16.023548126220703,74.74690246582031,264.7021179199219
16.02355194091797,87.12689971923828,267.4431457519531
-90.94117736816406,141.0458984375,143.40281677246094
38.011993408203125,36.51951599121094,229.59783935546875
36.736244201660156,40.20277404785156,238.6337890625
34.664451599121094,46.184104919433594,246.96139526367188
31.8763427734375,54.233577728271484,254.26065063476562
28.47901725769043,64.04191589355469,260.25091552734375
24.603023529052734,75.23217010498047,264.7021179199219
-74.94246673583984,152.24105834960938,143.40281677246094
20.3973331451416,87.37428283691406,267.4431457519531
59.15544891357422,40.20278549194336,229.59783935546875
56.65294647216797,43.67233657836914,238.6337890625
52.58901596069336,49.306636810302734,246.96139526367188
47.11993408203125,56.88907241821289,254.26065063476562
40.45582962036133,66.1283187866211,260.25091552734375
-55.4479866027832,161.42869567871094,143.40281677246094
32.85279083251953,76.66930389404297,264.7021179199219
24.6030330657959,88.10693359375,267.4431457519531
111.9952392578125,20.418033599853516,267.0516357421875
101.40464782714844,10.038372039794922,267.0516357421875
69.10838317871094,54.377342224121094,246.96139526367188
61.16850280761719,61.20135498046875,254.26065063476562
-33.20690155029297,168.25570678710938,143.40281677246094
51.49372482299805,69.51646423339844,260.25091552734375
40.45582580566406,79.00309753417969,264.7021179199219
28.47903060913086,89.29669189453125,267.4431457519531
143.98085021972656,8.66340446472168,279.2607421875
106.72409057617188,7.346881866455078,259.9052734375
83.58771514892578,61.20137023925781,246.96139526367188
-9.073904991149902,172.4597625732422,143.40281677246094
73.48219299316406,67.00472259521484,254.26065063476562
61.16852569580078,74.07613372802734,260.25091552734375
47.11994171142578,82.14385223388672,264.7021179199219
31.87636947631836,90.89783477783203,267.4431457519531
16.023578643798828,100.00167083740234,268.36871337890625
135.82337951660156,0.6684240102767944,279.2607421875
16.0235595703125,173.87930297851562,143.40281677246094
109.9997329711914,5.689472198486328,252.1510009765625
95.47064208984375,69.51647186279297,246.96139526367188
83.58775329589844,74.07613372802734,254.26065063476562
69.10842895507812,79.63211059570312,260.25091552734375
52.58904266357422,85.97087860107422,264.7021179199219
34.664493560791016,92.84883880615234,267.4431457519531
41.12102508544922,172.4597625732422,143.40281677246094
111.43264770507812,75.23217010498047,229.59783935546875
105.3910140991211,76.6693115234375,238.6337890625
95.57984161376953,79.00310516357422,246.96139526367188
91.09687805175781,82.14385223388672,254.26065063476562
75.00830078125,85.97087860107422,260.25091552734375
56.65294647216797,90.33709716796875,264.7021179199219
65.25399780273438,168.25570678710938,143.40281677246094
36.73625946044922,95.07471466064453,267.4431457519531
117.84644317626953,87.3742904663086,229.59783935546875
111.43267059326172,88.10694885253906,238.6337890625
101.0172119140625,89.29669952392578,246.96139526367188
95.7209701538086,90.89784240722656,254.26065063476562
78.64142608642578,92.84884643554688,260.25091552734375
87.49507904052734,161.42868041992188,143.40281677246094
59.155487060546875,95.07472229003906,264.7021179199219
38.012046813964844,97.48993682861328,267.4431457519531
120.01213836669922,100.0016860961914,229.59783935546875
113.47270965576172,100.00169372558594,238.6337890625
102.85317993164062,100.0016860961914,246.96139526367188
97.2823486328125,100.0016860961914,254.26065063476562
106.98956298828125,152.24105834960938,143.40281677246094
79.8681869506836,100.0016860961914,260.25091552734375
60.00049591064453,100.00169372558594,264.7021179199219
38.44282531738281,100.0016860961914,267.4431457519531
117.84645080566406,112.62907409667969,229.59783935546875
111.43267059326172,111.89643859863281,238.6337890625
101.0172348022461,110.7066650390625,246.96139526367188
122.9882583618164,141.0458984375,143.40281677246094
95.72098541259766,109.10552978515625,254.26065063476562
78.64142608642578,107.15453338623047,260.25091552734375
59.15549850463867,104.92865753173828,264.7021179199219
38.012046813964844,102.51343536376953,267.4431457519531
111.43267059326172,124.77120208740234,229.59783935546875
105.3910140991211,123.33406829833984,238.6337890625
134.87635803222656,128.2734375,143.40281677246094
95.57988739013672,121.0002670288086,246.96139526367188
91.09687805175781,117.85951232910156,254.26065063476562
75.00829315185547,114.03250122070312,260.25091552734375
56.652957916259766,109.6662826538086,264.7021179199219
36.736263275146484,104.92865753173828,267.4431457519531
109.7378158569336,135.96145629882812,229.59783935546875
142.19700622558594,114.41449737548828,143.40281677246094
104.30047607421875,133.87506103515625,238.6337890625
95.47066497802734,130.48690795898438,246.96139526367188
83.58777618408203,125.92724609375,254.26065063476562
69.1084213256836,120.37126922607422,260.25091552734375
52.589054107666016,114.03250122070312,264.7021179199219
34.66449737548828,107.154541015625,267.4431457519531
144.6688995361328,100.00169372558594,143.40281677246094
95.7209701538086,145.76979064941406,229.59783935546875
91.09687805175781,143.11431884765625,238.6337890625
83.58777618408203,138.80201721191406,246.96139526367188
73.4822006225586,132.9986572265625,254.26065063476562
61.16852569580078,125.92724609375,260.25091552734375
47.11996078491211,117.85952758789062,264.7021179199219
142.19700622558594,85.5888900756836,143.40281677246094
31.876375198364258,109.10553741455078,267.4431457519531
78.64141082763672,153.8192901611328,229.59783935546875
75.00828552246094,150.69676208496094,238.6337890625
69.1084213256836,145.6260528564453,246.96139526367188
61.16851806640625,138.80203247070312,254.26065063476562
51.49373245239258,130.48692321777344,260.25091552734375
134.8763427734375,71.72996520996094,143.40281677246094
40.45584487915039,121.00028228759766,264.7021179199219
28.47903823852539,110.7066879272461,267.4431457519531
59.155479431152344,159.80059814453125,229.59783935546875
56.65293884277344,156.3310546875,238.6337890625
52.589046478271484,150.69676208496094,246.96139526367188
47.11994934082031,143.11431884765625,254.26065063476562
122.98823547363281,58.95750427246094,143.40281677246094
40.45583724975586,133.87506103515625,260.25091552734375
32.852806091308594,123.33407592773438,264.7021179199219
24.603038787841797,111.89644622802734,267.4431457519531
38.012027740478516,163.48387145996094,229.59783935546875
36.736236572265625,159.8006134033203,238.6337890625
34.66447830200195,153.8192901611328,246.96139526367188
31.876354217529297,145.76980590820312,254.26065063476562
106.98953247070312,47.76235580444336,143.40281677246094
28.47902488708496,135.9614715576172,260.25091552734375
24.603031158447266,124.77122497558594,264.7021179199219
20.397336959838867,112.62909698486328,267.4431457519531
16.023557662963867,164.72755432128906,229.59783935546875
16.023544311523438,160.97213745117188,238.6337890625
16.02355194091797,154.87364196777344,246.96139526367188
87.49504089355469,38.574729919433594,143.40281677246094
16.023550033569336,146.6664581298828,254.26065063476562
16.023550033569336,136.6659698486328,260.25091552734375
16.023550033569336,125.25648498535156,264.7021179199219
16.02355194091797,112.87648010253906,267.4431457519531
-5.964911460876465,163.48388671875,229.59783935546875
-4.689140796661377,159.8006134033203,238.6337890625
65.25395202636719,31.747705459594727,143.40281677246094
-2.6173787117004395,153.8192901611328,246.96139526367188
0.1707400381565094,145.76980590820312,254.26065063476562
3.568077325820923,135.9614715576172,260.25091552734375
7.444068908691406,124.77122497558594,264.7021179199219
11.64976692199707,112.62909698486328,267.4431457519531
-27.10838508605957,159.8006134033203,229.59783935546875
41.12098693847656,27.543657302856445,143.40281677246094
-24.605859756469727,156.33103942871094,238.6337890625
-20.541948318481445,150.69677734375,246.96139526367188
-15.072854995727539,143.11431884765625,254.26065063476562
-8.408742904663086,133.87506103515625,260.25091552734375
-0.8057108521461487,123.3340835571289,264.7021179199219
7.444063663482666,111.89644622802734,267.4431457519531
16.023527145385742,26.124122619628906,143.40281677246094
-46.59431076049805,153.8192901611328,229.59783935546875
-42.96120834350586,150.69677734375,238.6337890625
-37.06132507324219,145.6260528564453,246.96139526367188
-29.12143898010254,138.80203247070312,254.26065063476562
-19.44664192199707,130.48692321777344,260.25091552734375
-8.408747673034668,121.00028991699219,264.7021179199219
-9.073927879333496,27.54366111755371,143.40281677246094
3.5680651664733887,110.7066879272461,267.4431457519531
-63.673885345458984,145.76980590820312,229.59783935546875
-59.04979705810547,143.1143035888672,238.6337890625
-51.540687561035156,138.80203247070312,246.96139526367188
-41.43511199951172,132.9986572265625,254.26065063476562
-29.12143898010254,125.92724609375,260.25091552734375
-33.20690155029297,31.747724533081055,143.40281677246094
-15.072869300842285,117.85952758789062,264.7021179199219
0.1707206517457962,109.10554504394531,267.4431457519531
-77.69071960449219,135.96145629882812,229.59783935546875
-72.25337219238281,133.8750457763672,238.6337890625
-63.42357635498047,130.48692321777344,246.96139526367188
-51.540687561035156,125.92724609375,254.26065063476562
-55.44797134399414,38.574745178222656,143.40281677246094
-37.06133270263672,120.37126922607422,260.25091552734375
-20.541969299316406,114.03250122070312,264.7021179199219
-2.617403268814087,107.154541015625,267.4431457519531
-79.73440551757812,124.77120971679688,229.59783935546875
-73.69274139404297,123.33406066894531,238.6337890625
-63.881614685058594,121.00028228759766,246.96139526367188
-74.94241333007812,47.76237487792969,143.40281677246094
-59.04981231689453,117.8595199584961,254.26065063476562
-42.96122741699219,114.03250122070312,260.25091552734375
-24.605880737304688,109.6662826538086,264.7021179199219
-4.689168930053711,104.92865753173828,267.4431457519531
-86.1482162475586,112.62908172607422,229.59783935546875
-79.73443603515625,111.89643096923828,238.6337890625
-90.94109344482422,58.9575309753418,143.40281677246094
-69.31897735595703,110.70667266845703,246.96139526367188
-63.67390441894531,109.10552978515625,254.26065063476562
-46.5943603515625,107.15453338623047,260.25091552734375
-27.108428955078125,104.92864990234375,264.7021179199219
-5.964956283569336,102.51343536376953,267.4431457519531
-88.31388854980469,100.00167846679688,229.59783935546875
-102.82919311523438,71.72998809814453,143.40281677246094
-81.77445220947266,100.00167846679688,238.6337890625
-71.15493774414062,100.00167846679688,246.96139526367188
-65.23526000976562,100.00167846679688,254.26065063476562
-47.82110595703125,100.0016860961914,260.25091552734375
-27.953433990478516,100.0016860961914,264.7021179199219
-6.395732879638672,100.0016860961914,267.4431457519531
-110.14983367919922,85.58891296386719,143.40281677246094
72.55255126953125,180.8445587158203,275.49053955078125
64.47315979003906,168.75291442871094,259.0997009277344
54.62839889526367,154.01918029785156,245.64816284179688
43.39659118652344,137.20957946777344,235.65267944335938
31.209365844726562,118.97010803222656,229.49752807617188
-100.94833374023438,100.0016860961914,185.88330078125
27.265277862548828,121.0782699584961,229.49752807617188
35.65998458862305,141.3448944091797,235.65267944335938
43.3965950012207,160.022705078125,245.64816284179688
50.17778015136719,176.39395141601562,259.0997009277344
55.74296188354492,189.82948303222656,275.49053955078125
-98.70075225830078,113.10665130615234,185.88330078125
59.87824630737305,199.81298828125,294.1907043457031
62.42476272583008,205.96078491210938,314.4815368652344
63.28462600708008,208.0366668701172,335.5832824707031
62.42476272583008,205.96078491210938,356.68505859375
59.878257751464844,199.81298828125,376.97589111328125
55.74296188354492,189.82948303222656,395.6759948730469
-92.04436492919922,125.7080078125,185.88330078125
50.17778015136719,176.39395141601562,412.0668640136719
43.3965950012207,160.02272033691406,425.5184326171875
35.65999221801758,141.34490966796875,435.5139465332031
27.265289306640625,121.07829284667969,441.6690368652344
-81.2350082397461,137.32147216796875,185.88330078125
22.985700607299805,122.37649536132812,441.6690368652344
27.265281677246094,143.89141845703125,435.5139465332031
31.209365844726562,163.7196807861328,425.5184326171875
34.666385650634766,181.0992889404297,412.0668640136719
37.50348663330078,195.36236572265625,395.6759948730469
39.61164093017578,205.96080017089844,376.97589111328125
-66.68804931640625,147.50076293945312,185.88330078125
40.909847259521484,212.4872589111328,356.68505859375
41.34819793701172,214.69100952148438,335.5832824707031
40.909847259521484,212.4872589111328,314.4815368652344
39.611637115478516,205.96080017089844,294.1907043457031
37.50348663330078,195.36236572265625,275.49053955078125
34.666385650634766,181.0992889404297,259.0997009277344
-48.9625358581543,155.8546905517578,185.88330078125
31.209367752075195,163.71966552734375,245.64816284179688
27.265275955200195,143.8914031982422,235.65267944335938
22.985692977905273,122.37646484375,229.49752807617188
18.535072326660156,122.8148193359375,229.49752807617188
-28.739641189575195,162.0622100830078,185.88330078125
18.535070419311523,144.75125122070312,235.65267944335938
18.53507423400879,164.9679718017578,245.64816284179688
18.535070419311523,182.68807983398438,259.0997009277344
18.535072326660156,197.23060607910156,275.49053955078125
18.535058975219727,208.0366668701172,294.1907043457031
18.535078048706055,214.6909942626953,314.4815368652344
-6.796517372131348,165.88479614257812,185.88330078125
18.535076141357422,216.93789672851562,335.5832824707031
18.535078048706055,214.6909942626953,356.68505859375
18.535064697265625,208.0366668701172,376.97589111328125
18.535072326660156,197.23060607910156,395.6759948730469
18.535070419311523,182.68807983398438,412.0668640136719
18.535070419311523,164.96798706054688,425.5184326171875
16.023557662963867,167.17550659179688,185.88330078125
18.535072326660156,144.7512664794922,435.5139465332031
18.53507423400879,122.8148422241211,441.6690368652344
14.084449768066406,122.37649536132812,441.6690368652344
9.804863929748535,143.89141845703125,435.5139465332031
38.8436393737793,165.88478088378906,185.88330078125
5.860775947570801,163.71966552734375,425.5184326171875
2.4037554264068604,181.0992889404297,412.0668640136719
-0.4333442449569702,195.36236572265625,395.6759948730469
-2.5415103435516357,205.96080017089844,376.97589111328125
-3.8396923542022705,212.4872589111328,356.68505859375
-4.27804708480835,214.69100952148438,335.5832824707031
60.78673553466797,162.0622100830078,185.88330078125
-3.8396923542022705,212.4872589111328,314.4815368652344
-2.541516065597534,205.96080017089844,294.1907043457031
-0.4333442449569702,195.36236572265625,275.49053955078125
2.4037554264068604,181.0992889404297,259.0997009277344
5.860781669616699,163.71966552734375,245.64816284179688
9.804864883422852,143.8914031982422,235.65267944335938
81.00962829589844,155.85467529296875,185.88330078125
14.084452629089355,122.37646484375,229.49752807617188
9.8048677444458,121.0782699584961,229.49752807617188
1.4101544618606567,141.3448944091797,235.65267944335938
-6.326447486877441,160.022705078125,245.64816284179688
98.73514556884766,147.50074768066406,185.88330078125
-13.107643127441406,176.39395141601562,259.0997009277344
-18.67281723022461,189.82948303222656,275.49053955078125
-22.80813217163086,199.81298828125,294.1907043457031
-25.3546142578125,205.96078491210938,314.4815368652344
-26.214473724365234,208.0366668701172,335.5832824707031
-25.3546142578125,205.96078491210938,356.68505859375
113.2821044921875,137.32147216796875,185.88330078125
-22.808124542236328,199.81298828125,376.97589111328125
-18.67281723022461,189.82948303222656,395.6759948730469
-13.107643127441406,176.39395141601562,412.0668640136719
-6.326455116271973,160.02272033691406,425.5184326171875
1.4101506471633911,141.34490966796875,435.5139465332031
9.804859161376953,121.07830047607422,441.6690368652344
124.09144592285156,125.70800018310547,185.88330078125
5.860764503479004,118.97013854980469,441.6690368652344
-6.326463222503662,137.20960998535156,435.5139465332031
-17.55826759338379,154.01918029785156,425.5184326171875
-27.403030395507812,168.75291442871094,412.0668640136719
130.747802734375,113.10665130615234,185.88330078125
-35.482421875,180.84457397460938,395.6759948730469
-41.48594665527344,189.82948303222656,376.97589111328125
-45.18288803100586,195.36236572265625,356.68505859375
-46.43120193481445,197.23060607910156,335.5832824707031
-45.18288803100586,195.36236572265625,314.4815368652344
-41.4859504699707,189.82948303222656,294.1907043457031
132.99539184570312,100.00169372558594,185.88330078125
-35.482421875,180.84457397460938,275.49053955078125
-27.403030395507812,168.75291442871094,259.0997009277344
-17.558259963989258,154.01918029785156,245.64816284179688
-6.326453685760498,137.2095947265625,235.65267944335938
5.86077880859375,118.9701156616211,229.49752807617188
130.747802734375,86.896728515625,185.88330078125
2.4037563800811768,116.13301086425781,229.49752807617188
-13.107645988464355,131.6444091796875,235.65267944335938
-27.40302848815918,145.93978881835938,245.64816284179688
-39.933040618896484,158.4698028564453,259.0997009277344
-50.21614456176758,168.75291442871094,275.49053955078125
124.09142303466797,74.2953872680664,185.88330078125
-57.85719680786133,176.39395141601562,294.1907043457031
-62.5625114440918,181.09927368164062,314.4815368652344
-64.15130615234375,182.68807983398438,335.5832824707031
-62.5625114440918,181.09927368164062,356.68505859375
-57.8571891784668,176.39395141601562,376.97589111328125
-50.21614456176758,168.75291442871094,395.6759948730469
113.2820816040039,62.681922912597656,185.88330078125
-39.933040618896484,158.4698028564453,412.0668640136719
-27.40303611755371,145.93980407714844,425.5184326171875
-13.10765552520752,131.64442443847656,435.5139465332031
2.4037373065948486,116.13302612304688,441.6690368652344
-0.4333711564540863,112.6760025024414,441.6690368652344
98.73511505126953,52.50264358520508,185.88330078125
-18.672842025756836,124.86322784423828,435.5139465332031
-35.48242950439453,136.09503173828125,425.5184326171875
-157.34182739257812,162.1315460205078,547.4856567382812
-62.30781936645508,154.01918029785156,395.6759948730469
-71.292724609375,160.022705078125,376.97589111328125
-76.82559967041016,163.7196502685547,356.68505859375
81.00959014892578,44.148719787597656,185.88330078125
-78.69383239746094,164.9679718017578,335.5832824707031
-76.82559967041016,163.7196502685547,314.4815368652344
-71.292724609375,160.022705078125,294.1907043457031
-62.30781936645508,154.01918029785156,275.49053955078125
-50.21615982055664,145.93978881835938,259.0997009277344
-35.482425689697266,136.09503173828125,245.64816284179688
60.78670120239258,37.94118881225586,185.88330078125
-18.672826766967773,124.86321258544922,235.65267944335938
-0.43334826827049255,112.67598724365234,229.49752807617188
-2.541506290435791,108.73189544677734,229.49752807617188
-22.808128356933594,117.1266098022461,235.65267944335938
38.84360122680664,34.118614196777344,185.88330078125
-41.48594665527344,124.86321258544922,245.64816284179688
-57.85719299316406,131.6444091796875,259.0997009277344
-71.292724609375,137.20957946777344,275.49053955078125
-81.27622985839844,141.34487915039062,294.1907043457031
-87.42404174804688,143.89138793945312,314.4815368652344
-89.4999008178711,144.75123596191406,335.5832824707031
16.023529052734375,32.82789611816406,185.88330078125
-87.42404174804688,143.89138793945312,356.68505859375
-81.2762222290039,141.34487915039062,376.97589111328125
-71.292724609375,137.20957946777344,395.6759948730469
-159.40191650390625,158.2773895263672,547.4856567382812
-41.48595428466797,124.86322021484375,425.5184326171875
-22.808151245117188,117.12661743164062,435.5139465332031
-6.796538352966309,34.118629455566406,185.88330078125
-2.5415329933166504,108.7319107055664,441.6690368652344
-3.839733362197876,104.45231628417969,441.6690368652344
-25.354656219482422,108.73190307617188,435.5139465332031
-45.182918548583984,112.67598724365234,425.5184326171875
-28.73964500427246,37.94120407104492,185.88330078125
-127.33477020263672,165.57919311523438,478.0785217285156
-76.82561492919922,118.97010803222656,395.6759948730469
-87.42404174804688,121.07826232910156,376.97589111328125
-93.95052337646484,122.37646484375,356.68505859375
-96.15425109863281,122.81481170654297,335.5832824707031
-93.95052337646484,122.37646484375,314.4815368652344
-48.962520599365234,44.14872741699219,185.88330078125
-107.62226867675781,145.22377014160156,434.67694091796875
-80.87493896484375,134.14466857910156,461.4562072753906
-45.18290710449219,112.67598724365234,245.64816284179688
-25.354637145996094,108.73189544677734,235.65267944335938
-3.839704751968384,104.45230865478516,229.49752807617188
-66.68800354003906,52.502655029296875,185.88330078125
-46.43122100830078,100.0016860961914,245.64816284179688
-75.48764038085938,144.22361755371094,461.4562072753906
-81.23493194580078,62.68194580078125,185.88330078125
-68.23753356933594,153.05789184570312,461.4562072753906
-96.15425109863281,100.0016860961914,314.4815368652344
-98.40113830566406,100.0016860961914,335.5832824707031
-96.15425109863281,100.0016860961914,356.68505859375
-89.4999008178711,100.0016860961914,376.97589111328125
-92.04429626464844,74.29541015625,185.88330078125
-78.69384765625,100.0016860961914,395.6759948730469
-134.0884246826172,152.9440155029297,478.0785217285156
-46.43122863769531,100.0016860961914,425.5184326171875
-4.278079986572266,100.00169372558594,441.6690368652344
-98.70064544677734,86.8967514038086,185.88330078125
-29.121423721313477,61.20136260986328,254.26065063476562
-37.06130599975586,54.37735366821289,246.96139526367188
-59.53166580200195,49.204490661621094,248.584716796875
-69.86774444580078,58.4544563293457,248.584716796875
0.17073671519756317,90.89783477783203,267.4431457519531
-15.072833061218262,82.14385986328125,264.7021179199219
-29.121416091918945,74.07614135742188,260.25091552734375
-41.435096740722656,67.00473022460938,254.26065063476562
-51.54065704345703,61.20138931274414,246.96139526367188
-102.31983184814453,-7.95538854598999,263.8066711425781
-78.63842010498047,56.243385314941406,240.62026977539062
-2.617387533187866,92.84883880615234,267.4431457519531
-20.541927337646484,85.97088623046875,264.7021179199219
-37.061309814453125,79.63211822509766,260.25091552734375
-51.540672302246094,74.07614135742188,254.26065063476562
-63.42351531982422,69.51648712158203,246.96139526367188
-72.2533187866211,66.12832641601562,238.6337890625
-77.6906509399414,64.04193878173828,229.59783935546875
-4.689149856567383,95.07472229003906,267.4431457519531
-24.605831146240234,90.33710479736328,264.7021179199219
-42.961181640625,85.97088623046875,260.25091552734375
-59.049774169921875,82.14385986328125,254.26065063476562
-63.88153839111328,79.00312805175781,246.96139526367188
-73.69270324707031,76.66930389404297,238.6337890625
-79.73433685302734,75.23218536376953,229.59783935546875
-5.964929580688477,97.48993682861328,267.4431457519531
-27.108375549316406,95.07472229003906,264.7021179199219
-46.59428405761719,92.84884643554688,260.25091552734375
-63.673851013183594,90.8978500366211,254.26065063476562
-69.31887817382812,89.29671478271484,246.96139526367188
-79.73438262939453,88.10694122314453,238.6337890625
-86.14811706542969,87.37431335449219,229.59783935546875
78.55606842041016,189.82948303222656,294.1907043457031
82.25302124023438,195.36233520507812,314.4815368652344
83.5013427734375,197.2305908203125,335.5832824707031
82.25302124023438,195.36233520507812,356.68505859375
78.55606842041016,189.82948303222656,376.97589111328125
72.55255126953125,180.8445587158203,395.6759948730469
64.47315979003906,168.75291442871094,412.0668640136719
54.62840270996094,154.01918029785156,425.5184326171875
43.39659881591797,137.20960998535156,435.5139465332031
31.209381103515625,118.97013092041016,441.6690368652344
87.28628540039062,168.75289916992188,275.49053955078125
77.00316619873047,158.46978759765625,259.0997009277344
64.47315979003906,145.93978881835938,245.64816284179688
50.17778015136719,131.64439392089844,235.65267944335938
34.666385650634766,116.13300323486328,229.49752807617188
94.92731475830078,176.39395141601562,294.1907043457031
99.63263702392578,181.09925842285156,314.4815368652344
101.2214584350586,182.6880645751953,335.5832824707031
99.63263702392578,181.09925842285156,356.68505859375
94.92731475830078,176.39395141601562,376.97589111328125
87.28628540039062,168.75289916992188,395.6759948730469
77.00316619873047,158.46978759765625,412.0668640136719
64.4731674194336,145.93978881835938,425.5184326171875
50.177791595458984,131.64442443847656,435.5139465332031
34.666404724121094,116.13302612304688,441.6690368652344
99.37793731689453,154.0191650390625,275.49053955078125
87.28628540039062,145.93978881835938,259.0997009277344
72.55255126953125,136.0950164794922,245.64816284179688
55.742958068847656,124.86321258544922,235.65267944335938
37.50349044799805,112.67598724365234,229.49752807617188
108.36285400390625,160.022705078125,294.1907043457031
113.8957290649414,163.71963500976562,314.4815368652344
115.76397705078125,164.96795654296875,335.5832824707031
113.8957290649414,163.71963500976562,356.68505859375
108.36285400390625,160.022705078125,376.97589111328125
99.37793731689453,154.0191650390625,395.6759948730469
87.28628540039062,145.93978881835938,412.0668640136719
72.55255126953125,136.09503173828125,425.5184326171875
55.74297332763672,124.86322021484375,435.5139465332031
37.503509521484375,112.67599487304688,441.6690368652344
108.36284637451172,137.20956420898438,275.49053955078125
94.92731475830078,131.64439392089844,259.0997009277344
78.55606842041016,124.86320495605469,245.64816284179688
59.87826156616211,117.12660217285156,235.65267944335938
39.61164855957031,108.73189544677734,229.49752807617188
118.34635162353516,141.3448944091797,294.1907043457031
124.49414825439453,143.89137268066406,314.4815368652344
126.57003021240234,144.75123596191406,335.5832824707031
124.49414825439453,143.89137268066406,356.68505859375
118.34635162353516,141.3448944091797,376.97589111328125
108.36284637451172,137.20956420898438,395.6759948730469
119.5844497680664,143.92758178710938,515.4064331054688
78.55608367919922,124.86321258544922,425.5184326171875
59.878273010253906,117.1266098022461,435.5139465332031
39.611671447753906,108.73190307617188,441.6690368652344
-82.3002700805664,124.55200958251953,268.25030517578125
-88.88753509521484,127.28054809570312,280.5889587402344
82.2530288696289,112.67597961425781,245.64816284179688
62.42476272583008,108.73189544677734,235.65267944335938
40.90984344482422,104.45231628417969,229.49752807617188
-92.94395446777344,113.9083251953125,280.5889587402344
131.02061462402344,122.37645721435547,314.4815368652344
133.22438049316406,122.81480407714844,335.5832824707031
131.02061462402344,122.37645721435547,356.68505859375
124.49415588378906,121.07827758789062,376.97589111328125
113.89571380615234,118.97010040283203,395.6759948730469
143.52963256835938,159.92721557617188,488.7682189941406
82.25303649902344,112.67598724365234,425.5184326171875
62.42477798461914,108.73190307617188,435.5139465332031
40.90987014770508,104.45231628417969,441.6690368652344
-76.53995513916016,110.64537048339844,257.4353942871094
-73.435302734375,120.8800277709961,257.4353942871094
83.50132751464844,100.00169372558594,245.64816284179688
63.284610748291016,100.00169372558594,235.65267944335938
41.34819412231445,100.00169372558594,229.49752807617188
-65.07261657714844,108.3643798828125,248.55984497070312
133.22433471679688,100.0016860961914,314.4815368652344
135.4712677001953,100.0016860961914,335.5832824707031
133.22433471679688,100.0016860961914,356.68505859375
126.57002258300781,100.00170135498047,376.97589111328125
115.76393127441406,100.0016860961914,395.6759948730469
132.7362518310547,152.71530151367188,503.3992004394531
83.50135040283203,100.00170135498047,425.5184326171875
63.28462600708008,100.00170135498047,435.5139465332031
41.34821701049805,100.00169372558594,441.6690368652344
-62.63330841064453,116.40569305419922,248.55984497070312
-97.2502212524414,114.76490020751953,293.9771423339844
82.25302124023438,87.32740783691406,245.64816284179688
62.42475891113281,91.27149200439453,235.65267944335938
40.90984344482422,95.55107879638672,229.49752807617188
-92.94395446777344,128.9607696533203,293.9771423339844
131.02061462402344,77.62692260742188,314.4815368652344
133.224365234375,77.18856811523438,335.5832824707031
131.02061462402344,77.62692260742188,356.68505859375
124.49415588378906,78.92513275146484,376.97589111328125
113.89569854736328,81.03327941894531,395.6759948730469
99.63263702392578,83.8703842163086,412.0668640136719
82.25304412841797,87.32740783691406,425.5184326171875
62.424774169921875,91.27149200439453,435.5139465332031
40.90986633300781,95.55107116699219,441.6690368652344
108.36280822753906,62.79381561279297,275.49053955078125
94.92731475830078,68.35899353027344,259.0997009277344
78.55606842041016,75.14018249511719,245.64816284179688
59.87824630737305,82.87678527832031,235.65267944335938
39.61164474487305,91.27149200439453,229.49752807617188
118.34635162353516,58.65851974487305,294.1907043457031
124.49412536621094,56.11200714111328,314.4815368652344
126.57000732421875,55.252140045166016,335.5832824707031
124.49412536621094,56.11200714111328,356.68505859375
118.34635162353516,58.65851974487305,376.97589111328125
108.36280822753906,62.79381561279297,395.6759948730469
94.92731475830078,68.35899353027344,412.0668640136719
78.55608367919922,75.14018249511719,425.5184326171875
59.87826156616211,82.87678527832031,435.5139465332031
39.61166763305664,91.271484375,441.6690368652344
99.37789154052734,45.984230041503906,275.49053955078125
87.28627014160156,54.0636100769043,259.0997009277344
72.55253601074219,63.90837860107422,245.64816284179688
55.74294662475586,75.14019012451172,235.65267944335938
37.50348663330078,87.32740783691406,229.49752807617188
108.36284637451172,39.9807014465332,294.1907043457031
113.89569854736328,36.283748626708984,314.4815368652344
115.76394653320312,35.03541946411133,335.5832824707031
113.89569854736328,36.283748626708984,356.68505859375
108.36284637451172,39.9807014465332,376.97589111328125
99.37789154052734,45.984230041503906,395.6759948730469
87.28627014160156,54.0636100769043,412.0668640136719
72.55255889892578,63.90837478637695,425.5184326171875
55.742958068847656,75.14018249511719,435.5139465332031
37.50350570678711,87.327392578125,441.6690368652344
87.2862319946289,31.25051498413086,275.49053955078125
77.0031509399414,41.533607482910156,259.0997009277344
64.47314453125,54.063621520996094,245.64816284179688
50.177764892578125,68.35900115966797,235.65267944335938
34.6663818359375,83.87039184570312,229.49752807617188
94.92731475830078,23.60946273803711,294.1907043457031
99.63260650634766,18.90414047241211,314.4815368652344
101.22142791748047,17.315311431884766,335.5832824707031
99.63260650634766,18.90414047241211,356.68505859375
94.92731475830078,23.60946273803711,376.97589111328125
87.2862319946289,31.25051498413086,395.6759948730469
77.0031509399414,41.533607482910156,412.0668640136719
64.4731674194336,54.06360626220703,425.5184326171875
50.17777633666992,68.3589859008789,435.5139465332031
34.66640090942383,83.87036895751953,441.6690368652344
72.5525131225586,19.15885353088379,275.49053955078125
64.47315216064453,31.250497817993164,259.0997009277344
54.62838363647461,45.98422622680664,245.64816284179688
43.39657211303711,62.793819427490234,235.65267944335938
31.209360122680664,81.03328704833984,229.49752807617188
78.55607604980469,10.173930168151855,294.1907043457031
82.25299072265625,4.6410627365112305,314.4815368652344
83.5013198852539,2.7728071212768555,335.5832824707031
82.25299072265625,4.6410627365112305,356.68505859375
78.55607604980469,10.173930168151855,376.97589111328125
72.5525131225586,19.15885353088379,395.6759948730469
64.47315216064453,31.250497817993164,412.0668640136719
54.62840270996094,45.984214782714844,425.5184326171875
43.396583557128906,62.7938117980957,435.5139465332031
31.209373474121094,81.03326416015625,441.6690368652344
55.74292755126953,10.173952102661133,275.49053955078125
50.17776870727539,23.609453201293945,259.0997009277344
43.39657974243164,39.98070526123047,245.64816284179688
35.659969329833984,58.65852355957031,235.65267944335938
27.265274047851562,78.92512512207031,229.49752807617188
59.878265380859375,0.1904238611459732,294.1907043457031
62.42472457885742,-5.95734977722168,314.4815368652344
63.28459548950195,-8.033239364624023,335.5832824707031
62.42472457885742,-5.95734977722168,356.68505859375
59.878265380859375,0.1904238611459732,376.97589111328125
55.74292755126953,10.173952102661133,395.6759948730469
50.17776870727539,23.609453201293945,412.0668640136719
43.39658737182617,39.98069381713867,425.5184326171875
35.659976959228516,58.65851593017578,435.5139465332031
27.265283584594727,78.92510223388672,441.6690368652344
37.50346374511719,4.64107608795166,275.49053955078125
34.66637420654297,18.904129028320312,259.0997009277344
31.20935821533203,36.283748626708984,245.64816284179688
27.265268325805664,56.112022399902344,235.65267944335938
22.985692977905273,77.6269302368164,229.49752807617188
39.61165237426758,-5.95737361907959,294.1907043457031
40.90981674194336,-12.483824729919434,314.4815368652344
41.348175048828125,-14.687575340270996,335.5832824707031
40.90981674194336,-12.483824729919434,356.68505859375
39.61165237426758,-5.95737361907959,376.97589111328125
37.50346374511719,4.64107608795166,395.6759948730469
34.66637420654297,18.904129028320312,412.0668640136719
31.209362030029297,36.28373718261719,425.5184326171875
27.265274047851562,56.11201095581055,435.5139465332031
22.98569679260254,77.62690734863281,441.6690368652344
18.535083770751953,100.00165557861328,443.74737548828125
18.535058975219727,2.772857666015625,275.49053955078125
18.535062789916992,17.315338134765625,259.0997009277344
18.535070419311523,35.03545379638672,245.64816284179688
18.53506851196289,55.252174377441406,235.65267944335938
18.535076141357422,77.18858337402344,229.49752807617188
18.535079956054688,-8.033241271972656,294.1907043457031
18.535053253173828,-14.687538146972656,314.4815368652344
18.535058975219727,-16.934463500976562,335.5832824707031
18.535053253173828,-14.687538146972656,356.68505859375
18.535079956054688,-8.033241271972656,376.97589111328125
18.535058975219727,2.772857666015625,395.6759948730469
18.535062789916992,17.315338134765625,412.0668640136719
18.53507423400879,35.035438537597656,425.5184326171875
18.535072326660156,55.252159118652344,435.5139465332031
18.53507423400879,77.18856048583984,441.6690368652344
-0.43334734439849854,4.64108943939209,275.49053955078125
2.4037530422210693,18.904129028320312,259.0997009277344
5.860786437988281,36.283756256103516,245.64816284179688
9.804871559143066,56.11202621459961,235.65267944335938
14.08445930480957,77.6269302368164,229.49752807617188
-2.5414936542510986,-5.957375526428223,294.1907043457031
-3.839707136154175,-12.483796119689941,314.4815368652344
-4.278055667877197,-14.687561988830566,335.5832824707031
-3.839707136154175,-12.483796119689941,356.68505859375
-2.5414936542510986,-5.957375526428223,376.97589111328125
-0.43334734439849854,4.64108943939209,395.6759948730469
2.4037530422210693,18.904129028320312,412.0668640136719
5.860786437988281,36.28374481201172,425.5184326171875
9.804872512817383,56.11201095581055,435.5139465332031
14.084453582763672,77.62690734863281,441.6690368652344
-18.672809600830078,10.173978805541992,275.49053955078125
-13.10763931274414,23.609464645385742,259.0997009277344
-6.326434135437012,39.98072052001953,245.64816284179688
1.4101694822311401,58.658531188964844,235.65267944335938
9.804877281188965,78.92512512207031,229.49752807617188
-22.80810546875,0.19042788445949554,294.1907043457031
-25.3546142578125,-5.957315444946289,314.4815368652344
-26.214473724365234,-8.033220291137695,335.5832824707031
-25.3546142578125,-5.957315444946289,356.68505859375
-22.80810546875,0.19042788445949554,376.97589111328125
-18.672809600830078,10.173978805541992,395.6759948730469
-13.10763931274414,23.609464645385742,412.0668640136719
-6.326437950134277,39.98070526123047,425.5184326171875
1.4101675748825073,58.65851593017578,435.5139465332031
9.8048677444458,78.92510223388672,441.6690368652344
-35.482391357421875,19.15888786315918,275.49053955078125
-27.403018951416016,31.25050926208496,259.0997009277344
-17.55824089050293,45.9842529296875,245.64816284179688
-6.326431751251221,62.7938346862793,235.65267944335938
5.860793113708496,81.03328704833984,229.49752807617188
-41.48591995239258,10.173932075500488,294.1907043457031
-45.182861328125,4.6411027908325195,314.4815368652344
-46.43118667602539,2.772854804992676,335.5832824707031
-45.182861328125,4.6411027908325195,356.68505859375
-41.48591995239258,10.173932075500488,376.97589111328125
-35.482391357421875,19.15888786315918,395.6759948730469
-27.403018951416016,31.25050926208496,412.0668640136719
-17.558244705200195,45.98423385620117,425.5184326171875
-6.326435565948486,62.793819427490234,435.5139465332031
5.860777854919434,81.03326416015625,441.6690368652344
-50.21611404418945,31.250545501708984,275.49053955078125
-39.933021545410156,41.53361511230469,259.0997009277344
-27.402997970581055,54.06363296508789,245.64816284179688
-13.107617378234863,68.3590087890625,235.65267944335938
2.403771162033081,83.87039184570312,229.49752807617188
-57.85715866088867,23.609455108642578,294.1907043457031
-62.56245803833008,18.904186248779297,314.4815368652344
-64.15128326416016,17.315372467041016,335.5832824707031
-62.56245803833008,18.904186248779297,356.68505859375
-57.85715866088867,23.609455108642578,376.97589111328125
-50.21611404418945,31.250545501708984,395.6759948730469
-39.933021545410156,41.53361511230469,412.0668640136719
-27.403005599975586,54.063621520996094,425.5184326171875
-13.107623100280762,68.35900115966797,435.5139465332031
2.4037539958953857,83.87036895751953,441.6690368652344
-62.3077507019043,45.98427200317383,275.49053955078125
-50.216121673583984,54.06362533569336,259.0997009277344
-35.482383728027344,63.90839385986328,245.64816284179688
-18.672792434692383,75.14019775390625,235.65267944335938
-0.4333318769931793,87.32740783691406,229.49752807617188
-71.29268646240234,39.9807014465332,294.1907043457031
-76.8255386352539,36.28379440307617,314.4815368652344
-78.69378662109375,35.03547286987305,335.5832824707031
-76.8255386352539,36.28379440307617,356.68505859375
-71.29268646240234,39.9807014465332,376.97589111328125
-62.3077507019043,45.98427200317383,395.6759948730469
-50.216121673583984,54.06362533569336,412.0668640136719
-35.48239517211914,63.90838623046875,425.5184326171875
-18.67279624938965,75.14019012451172,435.5139465332031
-0.43335095047950745,87.32740020751953,441.6690368652344
-71.29265594482422,62.79385757446289,275.49053955078125
-57.85717010498047,68.3590087890625,259.0997009277344
-41.48590087890625,75.14019775390625,245.64816284179688
-22.808094024658203,82.87680053710938,235.65267944335938
-2.541490077972412,91.27149200439453,229.49752807617188
-81.27618408203125,58.65851593017578,294.1907043457031
-87.42394256591797,56.112056732177734,314.4815368652344
-89.49983215332031,55.252193450927734,335.5832824707031
-87.42394256591797,56.112056732177734,356.68505859375
-81.27618408203125,58.65851593017578,376.97589111328125
-71.29265594482422,62.79385757446289,395.6759948730469
-57.85717010498047,68.3590087890625,412.0668640136719
-41.48591232299805,75.14019775390625,425.5184326171875
-22.808101654052734,82.87679290771484,435.5139465332031
-2.541511058807373,91.271484375,441.6690368652344
-79.4814224243164,164.30178833007812,449.3853759765625
-99.55957794189453,160.3079833984375,434.67694091796875
-45.18284606933594,87.32742309570312,245.64816284179688
-25.354595184326172,91.27149963378906,235.65267944335938
-3.8396871089935303,95.55107879638672,229.49752807617188
18.535076141357422,100.00169372558594,227.419189453125
-88.70904541015625,173.52940368652344,434.67694091796875
-93.9504165649414,77.62696075439453,314.4815368652344
-96.15416717529297,77.18861389160156,335.5832824707031
-93.9504165649414,77.62696075439453,356.68505859375
-87.42398834228516,78.92512512207031,376.97589111328125
-76.82553100585938,81.03331756591797,395.6759948730469
-62.56249237060547,83.87039947509766,412.0668640136719
-45.182861328125,87.3274154663086,425.5184326171875
-25.354602813720703,91.27149963378906,435.5139465332031
-3.839708089828491,95.55107116699219,441.6690368652344
-26.21444320678711,100.00170135498047,235.65267944335938
-4.278032302856445,100.00169372558594,229.49752807617188
-26.21445083618164,100.00170135498047,435.5139465332031
110.21559143066406,150.350830078125,460.3118896484375
122.30724334716797,158.43020629882812,443.9210510253906
95.48185729980469,140.50607299804688,473.76348876953125
150.22434997558594,142.5769500732422,557.6416015625
131.29214477539062,141.62060546875,443.9210510253906
101.48538970947266,129.27426147460938,473.76348876953125
163.91143798828125,151.7223663330078,542.4151611328125
136.8250274658203,123.38114166259766,443.9210510253906
105.18234252929688,117.0870361328125,473.76348876953125
157.74191284179688,147.6000213623047,550.7781982421875
138.6932373046875,104.41272735595703,443.9210510253906
106.43065643310547,104.4127426147461,473.76348876953125
122.56194305419922,88.28142547607422,460.3118896484375
136.82501220703125,85.44432067871094,443.9210510253906
105.18234252929688,91.73844909667969,473.76348876953125
161.8040771484375,138.64013671875,567.2793579101562
151.5498504638672,144.92245483398438,488.7682189941406
124.94338989257812,133.90170288085938,515.4064331054688
167.74551391601562,142.61007690429688,560.669677734375
156.48866271972656,128.64132690429688,488.7682189941406
128.243408203125,123.02300262451172,515.4064331054688
165.06739807128906,140.82061767578125,564.300048828125
158.15628051757812,111.70951843261719,488.7682189941406
129.35769653320312,111.70953369140625,515.4064331054688
143.75698852539062,97.31021118164062,503.3992004394531
156.48866271972656,94.77772521972656,488.7682189941406
128.243408203125,100.39605712890625,515.4064331054688
168.49581909179688,143.14561462402344,542.4151611328125
153.2875213623047,136.8461456298828,557.6416015625
171.31884765625,133.8393096923828,542.4151611328125
155.17381286621094,130.62786865234375,557.6416015625
172.2720489501953,124.16106414794922,542.4151611328125
155.8107452392578,124.16107177734375,557.6416015625
164.04139709472656,115.9303970336914,550.7781982421875
171.31883239746094,114.48281860351562,542.4151611328125
155.17381286621094,117.69427490234375,557.6416015625
166.759765625,137.65438842773438,564.300048828125
169.7355499267578,138.88699340820312,560.669677734375
163.13377380371094,136.15245056152344,567.2793579101562
167.8019256591797,134.2188262939453,564.300048828125
170.96099853515625,134.8472137451172,560.669677734375
163.9525909423828,133.45315551757812,567.2793579101562
168.15382385253906,130.64598083496094,564.300048828125
171.37477111816406,130.64596557617188,560.669677734375
164.2290802001953,130.64598083496094,567.2793579101562
167.8019256591797,127.0731201171875,564.300048828125
170.96099853515625,126.44473266601562,560.669677734375
163.9525909423828,127.83879852294922,567.2793579101562
108.7430419921875,89.15599060058594,256.1210021972656
111.32344055175781,94.041015625,256.1210021972656
99.76507568359375,91.2916030883789,259.4637756347656
101.79248046875,95.1297378540039,259.4637756347656
127.37983703613281,123.61317443847656,289.7262878417969
123.94915771484375,122.19215393066406,278.4033203125
118.3780288696289,119.88450622558594,267.9679870605469
110.88055419921875,116.7789535522461,258.8213806152344
101.7448501586914,112.99481964111328,251.31494140625
131.02182006835938,111.60713195800781,289.7262878417969
127.37984466552734,110.88270568847656,278.4033203125
121.4655532836914,109.70626831054688,267.9679870605469
113.50628662109375,108.12307739257812,258.8213806152344
103.80787658691406,106.19393920898438,251.31494140625
132.25157165527344,99.12126159667969,289.7262878417969
128.53823852539062,99.12126922607422,278.4033203125
122.50807189941406,99.12126159667969,267.9679870605469
114.39288330078125,99.12126159667969,258.8213806152344
104.50446319580078,99.12126159667969,251.31494140625
131.02182006835938,86.63539123535156,289.7262878417969
127.37984466552734,87.3598403930664,278.4033203125
121.4655532836914,88.5362548828125,267.9679870605469
113.50627899169922,90.11945343017578,258.8213806152344
103.80786895751953,92.04859161376953,251.31494140625
127.37982177734375,74.62934875488281,289.7262878417969
123.94915771484375,76.0503921508789,278.4033203125
118.37800598144531,78.35802459716797,267.9679870605469
110.88054656982422,81.46357727050781,258.8213806152344
101.7448501586914,85.24771118164062,251.31494140625
-85.95095825195312,112.517333984375,268.25030517578125
-98.70426940917969,100.0016860961914,293.9771423339844
-94.31364440917969,100.0016860961914,280.5889587402344
-87.18363952636719,100.0016860961914,268.25030517578125
-77.58826446533203,100.0016860961914,257.4353942871094
-65.89627075195312,100.0016860961914,248.55984497070312
-92.94388580322266,71.04264831542969,293.9771423339844
-88.88751220703125,72.72283935546875,280.5889587402344
-82.30022430419922,75.45140075683594,268.25030517578125
-73.4352798461914,79.12336730957031,257.4353942871094
-62.633277893066406,83.59770202636719,248.55984497070312
-97.25015258789062,85.2385025024414,293.9771423339844
-92.94391632080078,86.09505462646484,280.5889587402344
-85.95089721679688,87.48606872558594,268.25030517578125
-76.53992462158203,89.35801696777344,257.4353942871094
-65.07257843017578,91.6390151977539,248.55984497070312
-112.58724212646484,128.8564453125,434.67694091796875
-150.3762969970703,167.2232208251953,519.6275024414062
-84.19244384765625,123.2083740234375,461.4562072753906
-85.31261444091797,111.83500671386719,461.4562072753906
-154.86328125,158.82870483398438,519.6275024414062
-114.2636947631836,111.83499908447266,434.67694091796875
-99.78811645507812,97.3594741821289,449.3853759765625
-112.58715057373047,94.8135986328125,434.67694091796875
-84.1923828125,100.46165466308594,461.4562072753906
-111.68372344970703,143.6636962890625,500.5099792480469
-107.17109680175781,152.1062469482422,500.5099792480469
-101.09809875488281,159.50621032714844,500.5099792480469
-110.51647186279297,168.924560546875,490.3988952636719
-118.24590301513672,176.6540069580078,478.0785217285156
-138.24729919433594,139.2340545654297,478.0785217285156
-160.60183715820312,164.309814453125,543.0665283203125
-114.46260833740234,134.50299072265625,500.5099792480469
-115.40091705322266,124.97616577148438,500.5099792480469
-163.02426147460938,159.77780151367188,543.0665283203125
-139.65158081054688,124.97616577148438,478.0785217285156
-127.52620697021484,112.85084533691406,490.3988952636719
-138.24722290039062,110.71831512451172,478.0785217285156
-114.4625473022461,115.4493637084961,500.5099792480469
-139.9781036376953,152.66307067871094,534.530517578125
-136.98001098632812,158.27210998535156,534.530517578125
-132.94525146484375,163.1884765625,534.530517578125
-139.20260620117188,169.44581604003906,527.8129272460938
-144.33786010742188,174.58108520507812,519.6275024414062
-157.62632751464844,149.72010803222656,519.6275024414062
-141.8243408203125,146.576904296875,534.530517578125
-142.44772338867188,140.2475128173828,534.530517578125
-158.55931091308594,140.24749755859375,519.6275024414062
-150.5034942626953,132.19171142578125,527.8129272460938
-157.62628173828125,130.77491760253906,519.6275024414062
-141.8242950439453,133.91812133789062,534.530517578125
-154.98809814453125,156.44912719726562,551.1123657226562
-153.36949157714844,159.47731018066406,551.1123657226562
-151.19122314453125,162.1315460205078,551.1123657226562
-154.5694122314453,165.50975036621094,547.4856567382812
-157.34182739257812,168.2821502685547,543.0665283203125
-164.51596069335938,154.86029052734375,543.0665283203125
-160.6705322265625,154.0953826904297,547.4856567382812
-155.98483276367188,153.16334533691406,551.1123657226562
-156.32138061523438,149.74623107910156,551.1123657226562
-161.098876953125,149.74623107910156,547.4856567382812
-165.01966857910156,149.74623107910156,543.0665283203125
-160.67051696777344,145.3970947265625,547.4856567382812
-164.51593017578125,144.6322021484375,543.0665283203125
-155.9848175048828,146.3291473388672,551.1123657226562
-70.92369079589844,67.85786437988281,238.99432373046875
-84.69994354248047,18.17385482788086,259.6781311035156
-61.75306701660156,70.16976165771484,247.32192993164062
-50.94567108154297,60.49798583984375,247.32192993164062
-94.00698852539062,26.502946853637695,259.6781311035156
-76.57088470458984,66.43423461914062,229.95834350585938
-103.72593688964844,-10.162343978881836,264.95562744140625
-101.90450286865234,24.51200294494629,252.506591796875
-37.382598876953125,51.99726486206055,247.32192993164062
-21.585142135620117,44.99429702758789,247.32192993164062
-26.291444778442383,39.88437271118164,238.99432373046875
-29.1895809173584,36.73774337768555,229.95834350585938
-50.41782760620117,43.25961685180664,186.24380493164062
-31.078699111938477,34.6866340637207,186.24380493164062
-67.0216064453125,53.66613006591797,186.24380493164062
-80.2519760131836,65.50625610351562,186.24380493164062
-108.81365966796875,-2.1439263820648193,263.8066711425781
-84.0393295288086,54.88184356689453,231.97836303710938
-114.32400512695312,-3.533071517944336,258.8028564453125
-46.56010818481445,41.074493408203125,248.584716796875
-31.451595306396484,34.37692642211914,248.584716796875
-35.95265197753906,29.489858627319336,240.62026977539062
-38.724395751953125,26.480459213256836,231.97836303710938
-59.026851654052734,32.7179069519043,190.1702880859375
-40.531131744384766,24.5188045501709,190.1702880859375
-74.9065170288086,42.67057418823242,190.1702880859375
-87.55989074707031,53.99433517456055,190.1702880859375
-110.21975708007812,-4.350881576538086,264.95562744140625
-106.7677230834961,23.28599739074707,244.72506713867188
-108.51451873779297,-12.197393417358398,259.9518127441406
-115.7301025390625,-5.740026473999023,259.9518127441406
-73.0197525024414,10.853260040283203,259.6781311035156
-59.41538619995117,4.822468280792236,259.6781311035156
-63.46833419799805,0.421947717666626,252.506591796875
-65.9641342163086,-2.2878682613372803,244.72506713867188
-84.245361328125,3.3286163806915283,207.07919311523438
-67.59100341796875,-4.054218292236328,207.07919311523438
-98.54412841796875,12.290438652038574,207.07919311523438
-109.93778228759766,22.48685646057129,207.07919311523438
-117.71722412109375,-4.388494491577148,253.37344360351562
-94.17020416259766,-13.063206672668457,263.8066711425781
-84.6780014038086,-17.27108383178711,263.8066711425781
-87.50586700439453,-20.34145736694336,258.8028564453125
-89.24727630615234,-22.232189178466797,253.37344360351562
-102.0026626586914,-18.313390731811523,227.10675048828125
-90.38239288330078,-23.46462631225586,227.10675048828125
-111.9793701171875,-12.060430526733398,227.10675048828125
-119.92906188964844,-4.946066379547119,227.10675048828125
-111.46331787109375,-13.450544357299805,254.52236938476562
-119.12332153320312,-6.595449924468994,254.52236938476562
-101.85018920898438,-19.47560691833496,254.52236938476562
-99.45915222167969,-17.872900009155273,259.9518127441406
-95.57630157470703,-15.270161628723145,264.95562744140625
-86.08409881591797,-19.478038787841797,264.95562744140625
-88.9119644165039,-22.548419952392578,259.9518127441406
-90.65337371826172,-24.439146041870117,254.52236938476562
-103.40876007080078,-20.52034568786621,228.25567626953125
-91.78849792480469,-25.67158317565918,228.25567626953125
-113.38546752929688,-14.267393112182617,228.25567626953125
-121.33517456054688,-7.153028964996338,228.25567626953125
-103.118408203125,-10.543111801147461,264.95562744140625
-98.10372924804688,-13.68608570098877,264.95562744140625
-101.7273941040039,-8.326704025268555,263.8066711425781
-96.75617980957031,-11.4424409866333,263.8066711425781
-92.87435150146484,-16.467931747436523,264.95562744140625
-91.51241302490234,-14.241398811340332,263.8066711425781
-103.61454772949219,-9.98750114440918,264.8645935058594
-107.23592376708984,-7.021184921264648,264.95562744140625
-105.70060729980469,-4.929868221282959,263.8066711425781
-109.36579132080078,-4.06062126159668,265.88214111328125
-108.29927062988281,-2.386655569076538,265.01068115234375
-107.1025619506836,-6.086034774780273,265.88214111328125
-105.93803405761719,-4.499776363372803,265.01068115234375
-102.30277252197266,-10.270292282104492,265.8099365234375
-98.217529296875,-12.830723762512207,265.8099365234375
-101.1695785522461,-8.464665412902832,264.8739013671875
-97.11972045898438,-11.002911567687988,264.8739013671875
-105.1199722290039,-5.226247310638428,264.8304748535156
-102.3931655883789,-7.666524410247803,264.8304748535156
-101.91531372070312,-7.966001033782959,264.8304748535156
-103.43743133544922,-9.305540084838867,265.6837463378906
-103.03726959228516,-9.75367546081543,265.7571716308594
-106.35830688476562,-6.913022518157959,265.7571716308594
-96.26416015625,-11.4982271194458,264.8058776855469
-94.0872802734375,-12.86259937286377,264.8058776855469
-95.27093505859375,-14.720433235168457,265.7730712890625
-97.3985366821289,-13.386944770812988,265.7730712890625
-92.99642181396484,-15.728718757629395,265.7730712890625
-91.84993743896484,-13.854413032531738,264.8058776855469
-90.8785400390625,-14.330296516418457,264.80615234375
-85.22761535644531,-16.835346221923828,264.80615234375
-86.39022827148438,-18.66012954711914,265.75616455078125
-92.00464630126953,-16.1712703704834,265.75616455078125
83.3165512084961,13.335627555847168,239.003662109375
156.44422912597656,4.621710300445557,270.2738037109375
79.49947357177734,15.266993522644043,248.03964233398438
134.05384826660156,-1.3431041240692139,264.0563049316406
73.30076599121094,18.40336036682129,256.3672180175781
85.64191436767578,30.498714447021484,256.3672180175781
146.82186889648438,-4.809053421020508,270.2738037109375
95.36544799804688,43.213722229003906,256.3672180175781
131.25205993652344,0.07454410940408707,270.6888122558594
135.76068115234375,11.254765510559082,276.80133056640625
126.70216369628906,2.3766679763793945,276.80133056640625
103.37189483642578,58.34742736816406,252.42486572265625
113.64744567871094,68.47181701660156,239.003662109375
107.62116241455078,66.97163391113281,248.03964233398438
103.558349609375,66.79105377197266,248.10299682617188
121.05776977539062,58.17539978027344,195.28909301757812
125.32073211669922,73.45745849609375,195.28909301757812
112.816162109375,42.449378967285156,195.28909301757812
100.91265106201172,26.883747100830078,195.28909301757812
85.80471801757812,12.076693534851074,195.28909301757812
120.33952331542969,31.329471588134766,267.0516357421875
139.92071533203125,-1.404711127281189,273.7562561035156
142.4438018798828,-2.6813528537750244,267.7834777832031
120.70901489257812,40.09543991088867,268.0846862792969
136.02828979492188,53.00479507446289,252.1510009765625
130.8568115234375,51.71739959716797,259.9052734375
120.86900329589844,47.34138107299805,264.3758850097656
142.3874969482422,44.168880462646484,214.63720703125
146.04576110839844,57.28323745727539,214.63720703125
135.31492614746094,30.67354393005371,214.63720703125
125.09988403320312,17.315837860107422,214.63720703125
112.13495635986328,4.60911226272583,214.63720703125
153.3628692626953,5.35114860534668,276.24658203125
142.89784240722656,20.587697982788086,276.80133056640625
144.29876708984375,-3.5324041843414307,276.24658203125
148.35891723632812,6.535703659057617,281.7510986328125
140.20144653320312,-1.4592689275741577,281.7510986328125
147.8394012451172,30.016813278198242,276.80133056640625
156.31698608398438,39.12736511230469,264.0563049316406
151.8936309814453,38.02621078491211,270.6888122558594
144.71044921875,36.23800277709961,276.80133056640625
161.75624084472656,31.569700241088867,231.96942138671875
164.88528442382812,42.786869049072266,231.96942138671875
155.70681762695312,20.026655197143555,231.96942138671875
146.96954345703125,8.601346969604492,231.96942138671875
135.88015747070312,-2.2671608924865723,231.96942138671875
150.4080810546875,17.067991256713867,279.2607421875
154.8581085205078,25.559186935424805,279.2607421875
162.492431640625,33.76350402832031,267.7834777832031
158.50906372070312,32.771888732910156,273.7562561035156
152.04039001464844,31.161550521850586,279.2607421875
167.390625,26.957609176635742,238.88827514648438
170.2084197998047,37.058998107910156,238.88827514648438
161.9429473876953,16.56275749206543,238.88827514648438
154.07476806640625,6.273923873901367,238.88827514648438
144.0884552001953,-3.513498544692993,238.88827514648438
164.0256805419922,14.535590171813965,270.2738037109375
154.78614807128906,14.940290451049805,281.7510986328125
160.50442504882812,14.689826011657715,276.24658203125
169.27484130859375,24.551633834838867,270.2738037109375
165.4490203857422,24.124738693237305,276.24658203125
159.2361602783203,23.431486129760742,281.7510986328125
166.8704833984375,31.635801315307617,270.2738037109375
162.88711547851562,30.64418601989746,276.24658203125
156.41845703125,29.033849716186523,281.7510986328125
171.76869201660156,24.829910278320312,241.37863159179688
174.58648681640625,34.931297302246094,241.37863159179688
166.3209991455078,14.435057640075684,241.37863159179688
158.4528350830078,4.146223545074463,241.37863159179688
148.4665069580078,-5.641191482543945,241.37863159179688
146.89642333984375,5.102338790893555,281.7510986328125
142.7944793701172,7.500669002532959,279.2607421875
152.43478393554688,11.865537643432617,281.7510986328125
148.30105590820312,14.312726974487305,279.2607421875
147.9166259765625,6.750646591186523,281.49951171875
151.40296936035156,18.778318405151367,281.5262451171875
154.00294494628906,17.514745712280273,283.0051574707031
154.04568481445312,23.820951461791992,281.5262451171875
156.64566040039062,22.5573787689209,283.0051574707031
147.99664306640625,14.197111129760742,281.5015869140625
145.14688110351562,10.470617294311523,281.5015869140625
149.38650512695312,16.014585494995117,281.5015869140625
152.27444458007812,14.611074447631836,283.144287109375
147.74305725097656,9.208898544311523,282.97833251953125
150.723388671875,12.582860946655273,283.144287109375
136.42843627929688,1.5300954580307007,280.6236267089844
139.99749755859375,-0.20443958044052124,282.65380859375
145.4553680419922,5.144704818725586,282.65380859375
142.11138916015625,7.09985876083374,280.6236267089844
143.21095275878906,7.8192267417907715,280.34173583984375
143.98880004882812,8.581571578979492,280.34173583984375
146.5692901611328,7.327474594116211,281.8095703125
145.900390625,6.246755599975586,281.9745178222656
105.67292785644531,126.11687469482422,28.139114379882812
94.0582504272461,121.33087158203125,23.61737632751465
81.27330017089844,116.33836364746094,20.390226364135742
112.12297821044922,119.92928314208984,26.587505340576172
97.705078125,119.58865356445312,1.5014190673828125
84.55928039550781,113.0119857788086,19.558082580566406
118.51347351074219,114.52462005615234,20.902847290039062
106.58085632324219,123.63251495361328,7.442169189453125
86.53629302978516,109.27568054199219,19.38697052001953
119.84852600097656,107.28201293945312,20.97109603881836
114.21156311035156,127.50911712646484,14.052156448364258
87.04180908203125,104.9503402709961,20.32137680053711
118.51366424560547,95.3759536743164,20.90274429321289
101.93163299560547,98.77692413330078,22.473094940185547
86.53628540039062,100.625,19.386972427368164
109.40019989013672,121.71112823486328,22.658002853393555
111.83426666259766,120.37891387939453,-2.362518310546875
85.79959869384766,114.79383087158203,6.777780532836914
117.32915496826172,116.30657196044922,19.45036506652832
118.02177429199219,123.19798278808594,1.7789173126220703
87.71920013427734,111.05752563476562,7.280738830566406
118.56354522705078,109.06388854980469,19.963150024414062
123.34130859375,125.90045166015625,6.386890411376953
87.88145446777344,106.73218536376953,8.330657958984375
117.32915496826172,97.15779876708984,19.45036506652832
101.18321228027344,100.55876922607422,15.359174728393555
87.71920013427734,102.40684509277344,7.280736923217773
119.5545883178711,122.49725341796875,14.623420715332031
119.5259780883789,120.31687927246094,-1.4463615417480469
100.43843078613281,116.89433288574219,1.760650634765625
125.97694396972656,118.11962890625,12.025278091430664
124.58655548095703,122.29265594482422,-0.17303466796875
101.99327850341797,113.86797332763672,2.1680431365966797
126.97677612304688,112.2531509399414,12.440624237060547
129.18438720703125,124.18670654296875,1.61297607421875
102.12470245361328,110.36450958251953,3.018465042114258
125.97694396972656,102.60938262939453,12.025278091430664
112.8989486694336,105.36412811279297,8.711465835571289
101.99327850341797,106.86104583740234,2.168041229248047
127.0660629272461,122.40656280517578,6.785133361816406
113.73975372314453,118.50064086914062,-2.1818008422851562
131.54322814941406,119.35482788085938,4.973905563354492
114.82367706298828,116.39089965820312,-1.897796630859375
132.240234375,115.26516723632812,5.263452529907227
114.91529083251953,113.94855499267578,-1.3049507141113281
131.54322814941406,108.54227447509766,4.973905563354492
122.42626190185547,110.4626693725586,2.6637725830078125
114.82367706298828,111.50621032714844,-1.897796630859375
131.73651123046875,121.73797607421875,0.9970054626464844
126.5949935913086,120.4643783569336,-0.8307304382324219
120.82616424560547,119.00047302246094,-1.7766609191894531
134.263916015625,119.59913635253906,-1.2546310424804688
127.70209503173828,118.25321197509766,-0.6282234191894531
121.6084976196289,117.52183532714844,-1.8449668884277344
134.79222106933594,116.73285675048828,-1.2279891967773438
128.25282287597656,116.23783111572266,-0.8673515319824219
121.808837890625,115.81008911132812,-1.4753303527832031
134.263916015625,112.02104949951172,-1.2546310424804688
127.70209503173828,113.36697387695312,-0.6282272338867188
121.6084976196289,114.09835052490234,-1.8449668884277344
-95.10848236083984,110.4250259399414,39.541988372802734
-95.157470703125,104.79265594482422,0.0274658203125
-49.12897491455078,102.90010833740234,8.275489807128906
-96.98247528076172,105.26143646240234,1.3245010375976562
-32.18531799316406,102.47389221191406,24.79220962524414
-98.6446762084961,105.76732635498047,2.414731979370117
-89.3188705444336,118.8506851196289,41.21804428100586
-77.28357696533203,115.51129913330078,35.990516662597656
-63.95704650878906,112.41690063476562,29.60040283203125
-48.038421630859375,108.55760192871094,27.03615951538086
-31.101482391357422,104.52572631835938,24.79220962524414
-91.26972961425781,80.91866302490234,37.86363983154297
-78.65691375732422,84.24971008300781,32.680198669433594
-64.16101837158203,88.12213897705078,28.980575561523438
-48.012733459472656,92.14250183105469,27.214466094970703
-31.101470947265625,96.15438842773438,24.79220962524414
-98.66741943359375,89.46695709228516,33.60861587524414
-95.95832824707031,102.97200012207031,-0.20407485961914062
-79.61148834228516,112.22904205322266,23.026569366455078
-73.3613510131836,110.3267822265625,18.927078247070312
-32.185302734375,98.20622253417969,24.79220962524414
-99.26181030273438,99.99980926513672,35.65705490112305
-57.811065673828125,106.36565399169922,11.069664001464844
-66.49891662597656,108.56407928466797,14.049978256225586
-32.55126953125,100.34005737304688,24.79220962524414
-59.950584411621094,105.07725524902344,23.550800323486328
-51.20716857910156,103.0138168334961,23.47258186340332
-82.58769226074219,90.93213653564453,26.340805053710938
-75.85638427734375,92.63690948486328,24.49850845336914
-68.2615966796875,94.61874389648438,23.527915954589844
-59.94871520996094,96.67630004882812,23.642974853515625
-51.20716094970703,98.7295150756836,23.47258186340332
-86.07881164550781,95.30703735351562,23.715660095214844
-51.757667541503906,99.77960205078125,23.404651641845703
-86.5099105834961,100.6976547241211,24.71830177307129
-51.94355010986328,100.87165832519531,23.3817138671875
-83.02377319335938,107.4294204711914,22.64611053466797
-48.52056121826172,104.06892395019531,8.17057991027832
-81.03133392333984,90.62132263183594,21.332382202148438
-74.45272064208984,92.51882934570312,17.201738357543945
-66.67342376708984,94.7247314453125,13.721780776977539
-57.779388427734375,97.01490020751953,11.167274475097656
-48.52056121826172,99.30024719238281,8.17057991027832
-85.59634399414062,95.49083709716797,19.65970230102539
-90.53804016113281,103.28636169433594,-1.5082244873046875
-93.17424011230469,103.60045623779297,-0.7355766296386719
-95.76856994628906,103.92186737060547,-0.18660354614257812
-49.12897491455078,100.46906280517578,8.275489807128906
-85.73277282714844,101.49090576171875,20.866798400878906
-97.7398910522461,104.13968658447266,1.1575965881347656
-99.55213928222656,104.49089813232422,2.3135528564453125
-49.33441162109375,101.68458557128906,8.3109130859375
-92.07794952392578,106.84657287597656,12.220428466796875
-65.49819946289062,103.29476165771484,0.9512214660644531
-89.40209197998047,110.6103515625,12.518779754638672
-84.50082397460938,109.11863708496094,9.304023742675781
-79.11943054199219,107.7363510131836,5.479484558105469
-72.30656433105469,106.01238250732422,3.1423702239990234
-65.0210952758789,104.21131896972656,0.8689537048339844
-90.5155029296875,93.66592407226562,11.190223693847656
-85.3566665649414,95.15392303466797,7.951040267944336
-79.25627136230469,96.88375854492188,5.222114562988281
-72.28172302246094,98.67967224121094,3.218912124633789
-65.0210952758789,100.4718017578125,0.8689537048339844
-94.0953140258789,97.4845199584961,9.878538131713867
-65.49819946289062,101.38836669921875,0.9512214660644531
-94.20230102539062,102.18968200683594,10.82512092590332
-65.65930938720703,102.34156036376953,0.9790000915527344
-92.84699249267578,104.20800018310547,-0.7651290893554688
-90.37623596191406,103.59719848632812,-1.5361213684082031
-99.02227020263672,100.02088928222656,1.9641742706298828
-97.2727279663086,100.52552032470703,0.8656539916992188
-95.2038803100586,101.11216735839844,-0.059818267822265625
-92.83856201171875,101.72122192382812,-0.7391738891601562
-90.37623596191406,102.32899475097656,-1.5361213684082031
-100.2363052368164,101.31591033935547,1.5193367004394531
-98.15654754638672,101.6755599975586,0.5539627075195312
-95.70995330810547,102.002197265625,-0.06332778930664062
-93.15560913085938,102.33039855957031,-0.6818199157714844
-90.53804016113281,102.63983917236328,-1.5082244873046875
-100.2725830078125,102.91159057617188,1.8403549194335938
-98.3938217163086,102.93489837646484,0.5326423645019531
-93.2740249633789,102.96498107910156,-0.6973037719726562
-90.5926742553711,102.96309661865234,-1.4988059997558594
-17.32684326171875,175.1370391845703,87.67475891113281
-17.675899505615234,175.6209716796875,83.79301452636719
-17.32684326171875,175.1370391845703,79.91127014160156
-16.293102264404297,173.70382690429688,76.17869567871094
-8.592926025390625,176.65850830078125,87.67475891113281
-48.41156005859375,256.5860290527344,77.12623596191406
-47.261436462402344,254.9915008544922,89.91642761230469
-8.065932273864746,175.1370391845703,76.17869567871094
0.4900459945201874,177.17225646972656,87.67475891113281
0.490045964717865,177.69606018066406,83.79301452636719
0.4900459945201874,177.17225646972656,79.91127014160156
0.4900365173816681,175.6209716796875,76.17869567871094
-28.572738647460938,196.16708374023438,90.369140625
-29.262535095214844,197.12342834472656,82.69812774658203
-28.572738647460938,196.16708374023438,75.02713012695312
-26.529891967773438,193.33482360839844,67.65092468261719
-11.312993049621582,199.1737823486328,90.369140625
-50.409934997558594,273.97174072265625,74.78663635253906
-49.25981140136719,272.3772277832031,87.57682800292969
-10.271564483642578,196.16708374023438,67.65092468261719
6.636545658111572,200.18902587890625,90.369140625
6.636545658111572,201.2241668701172,82.69812774658203
6.636545658111572,200.18902587890625,75.02713012695312
6.6365275382995605,197.12342834472656,67.65092468261719
-47.261436462402344,254.9915008544922,64.33606719970703
-43.85531234741211,250.26914978027344,52.03740692138672
-25.783449172973633,321.76226806640625,74.76576232910156
-16.747142791748047,254.9915008544922,52.03740692138672
11.444437026977539,261.6974182128906,89.91642761230469
11.444437026977539,263.4233703613281,77.12623596191406
11.444437026977539,261.6974182128906,64.33606719970703
11.444406509399414,256.5860290527344,52.03740692138672
-49.25981140136719,272.3772277832031,61.99646759033203
-45.85369110107422,267.6548767089844,49.69780731201172
-20.48193359375,277.3904113769531,87.57682800292969
-21.068260192871094,279.08319091796875,74.78663635253906
-20.48193359375,277.3904113769531,61.99646759033203
-18.74551773071289,272.3772277832031,49.69780731201172
9.446059226989746,279.0831604003906,87.57682800292969
9.446059226989746,280.80908203125,74.78663635253906
9.446059226989746,279.0831604003906,61.99646759033203
9.446029663085938,273.97174072265625,49.69780731201172
-15.565889358520508,235.25289916992188,90.10063171386719
-40.464385986328125,233.59715270996094,90.08108520507812
9.507554054260254,236.91847229003906,90.09880065917969
-15.765748977661133,236.99098205566406,115.00110626220703
-18.68341827392578,261.7427673339844,114.81690216064453
11.244576454162598,263.43548583984375,114.81690216064453
9.246198654174805,280.82122802734375,112.477294921875
-47.46129608154297,256.7295837402344,114.81690216064453
-49.45967102050781,274.11529541015625,112.477294921875
-20.681793212890625,279.12847900390625,112.477294921875
9.307693481445312,238.6565399169922,114.99927520751953
-40.66424560546875,235.33523559570312,114.98155212402344
-76.94986724853516,312.84893798828125,74.76576232910156
27.427833557128906,324.77197265625,74.76576232910156
-26.1387996673584,324.8525390625,119.03823852539062
-77.30520629882812,315.939208984375,119.03823852539062
27.07248878479004,327.8622131347656,119.03823852539062
-18.224178314208984,256.7747802734375,169.89483642578125
-59.657997131347656,249.55691528320312,169.89483642578125
24.865549087524414,259.21197509765625,169.89483642578125
-26.081064224243164,322.60736083984375,179.34115600585938
-99.74944305419922,309.7741394042969,179.34115600585938
50.531494140625,326.94061279296875,179.34115600585938
-84.16638946533203,314.0545654296875,137.4727783203125
35.26436996459961,327.5403747558594,140.09600830078125
-26.119436264038086,324.09954833984375,139.2626190185547
-31.69424057006836,368.3385314941406,189.71243286132812
-137.06414794921875,349.9827880859375,189.71243286132812
77.88681030273438,374.5364990234375,189.71243286132812
-114.77528381347656,356.1051940917969,129.82693481445312
56.04982376098633,375.39434814453125,133.57901000976562
-31.749122619628906,370.47283935546875,132.38699340820312
-39.076236724853516,229.22784423828125,69.01849365234375
-36.90907287597656,227.44261169433594,58.29729461669922
-40.25445556640625,231.25613403320312,79.499755859375
9.107789993286133,227.68736267089844,59.62553405761719
9.23664665222168,233.45269775390625,90.12431335449219
8.967955589294434,231.38539123535156,79.99624633789062
8.934233665466309,229.5838623046875,69.91787719726562
-13.734823226928711,227.62747192382812,59.3005256652832
83.32061767578125,3.043246269226074,338.637939453125
58.27219772338867,-7.217000961303711,356.68505859375
-24.91579818725586,-6.090425491333008,356.68505859375
-42.211605072021484,9.087872505187988,372.992919921875
-57.486515045166016,14.73845386505127,356.68505859375
79.29705810546875,0.5255840420722961,335.5832824707031
-24.523876190185547,-3.9517688751220703,363.304443359375
61.27285385131836,-3.176450729370117,365.86346435546875
-25.885501861572266,-7.23900032043457,343.6565856933594
62.88496398925781,-7.068449020385742,345.3905029296875
91.06903076171875,11.876193046569824,356.68505859375
-35.991920471191406,-2.8070549964904785,335.5832824707031
79.21229553222656,9.191813468933105,373.3741760253906
-57.92300033569336,14.303089141845703,350.8961181640625
-52.83956527709961,8.9566011428833,342.3274230957031
69.31810760498047,-4.422948360443115,338.79010009765625
-29.845378875732422,1.505918264389038,370.3662109375
-38.05946731567383,7.06775426864624,373.5313415527344
64.62886047363281,-0.15656842291355133,369.17657470703125
72.31184387207031,5.1999688148498535,372.5541076660156
58.4970703125,-5.430028915405273,361.7246398925781
83.9158935546875,12.19282054901123,371.3392639160156
87.28347778320312,12.938441276550293,366.5593566894531
90.11784362792969,12.521899223327637,360.0633544921875
92.01594543457031,12.1376371383667,352.9234313964844
90.05267333984375,9.332385063171387,344.21319580078125
-52.11063003540039,15.6442232131958,369.28009033203125
-57.1811408996582,16.794727325439453,362.14898681640625
77.37127685546875,2.031733274459839,356.68505859375
64.65201568603516,-4.766843795776367,356.68505859375
73.08660888671875,-0.8084540367126465,352.10772705078125
67.99714660644531,-3.451108694076538,352.7546081542969
68.28145599365234,0.9384939670562744,366.85992431640625
71.82756042480469,3.410585880279541,368.418212890625
75.79551696777344,4.446566104888916,365.48651123046875
63.635292053222656,-3.417287826538086,361.8004150390625
65.62633514404297,-0.9684198498725891,365.54205322265625
-45.74037551879883,5.098637580871582,356.68505859375
-45.28773498535156,4.4841508865356445,354.9122619628906
-30.448028564453125,-3.2348272800445557,356.68505859375
-43.53449630737305,7.108044624328613,365.732177734375
-46.155269622802734,6.317395210266113,358.7652587890625
-46.1128044128418,7.555088996887207,361.779296875
-31.515625,-3.0103323459625244,353.8042297363281
-35.49773406982422,-1.2112908363342285,351.0625
-40.55894088745117,1.5344440937042236,351.39923095703125
-38.61316680908203,5.3101935386657715,367.9822082519531
-33.75944137573242,3.1069235801696777,369.0390625
-30.28702163696289,-0.13191436231136322,365.30242919921875
-29.471614837646484,-2.8779547214508057,359.0597229003906
-41.543338775634766,6.547131538391113,367.0924377441406
125.06060791015625,55.87736129760742,320.239990234375
101.98948669433594,44.239227294921875,280.92596435546875
118.65480041503906,59.615997314453125,293.321533203125
97.74874114990234,14.46535873413086,335.5832824707031
101.00236511230469,17.534374237060547,338.4927062988281
113.09172821044922,60.835044860839844,284.3482666015625
90.1923599243164,11.156733512878418,314.4815368652344
88.77908325195312,18.563739776611328,294.1907043457031
124.97723388671875,57.7046012878418,314.4815368652344
115.56303405761719,35.16965866088867,337.8525695800781
124.92438507080078,58.87299728393555,310.79046630859375
91.62181854248047,26.91494369506836,286.1011047363281
118.5133285522461,40.17914962768555,335.5832824707031
117.0818099975586,37.90293884277344,337.3714294433594
110.13768768310547,28.845073699951172,339.5659484863281
89.69438934326172,22.908123016357422,289.3607482910156
104.55851745605469,49.29925537109375,280.7179870605469
95.57636260986328,12.932361602783203,333.7608642578125
91.94864654541016,11.361048698425293,323.50531005859375
89.56515502929688,11.68543529510498,312.0101013183594
87.39057159423828,15.048739433288574,299.8171081542969
121.12982177734375,60.58025360107422,298.0307922363281
122.0971450805664,47.96514892578125,330.7738037109375
93.93354797363281,33.65657424926758,281.771484375
-66.0678482055664,43.47184753417969,283.3163146972656
-83.20488739013672,62.222412109375,290.7440185546875
-58.449954986572266,23.016658782958984,296.7470397949219
-89.91972351074219,62.862770080566406,305.210693359375
-88.91749572753906,55.493408203125,329.6637268066406
-59.18245315551758,25.22433853149414,294.1907043457031
-78.48207092285156,35.176944732666016,337.9746398925781
-58.635807037353516,15.681659698486328,314.4815368652344
-85.89437103271484,48.506839752197266,335.5832824707031
-82.50183868408203,42.159847259521484,335.5832824707031
-90.53378295898438,66.36383056640625,314.4815368652344
-76.1839370727539,60.76780700683594,284.65240478515625
-73.5885009765625,28.814655303955078,335.5832824707031
-63.64128494262695,17.825359344482422,328.80987548828125
-78.84782409667969,62.48691177368164,285.0750427246094
-56.4388542175293,18.871753692626953,302.6552429199219
-60.83211135864258,15.935413360595703,325.77899169921875
-90.121826171875,60.60907745361328,326.5258483886719
-66.99542999267578,21.21219253540039,333.0016784667969
-63.27680587768555,38.72078323364258,284.8057556152344
-84.67787170410156,62.720951080322266,293.11212158203125
-70.19608306884766,51.931095123291016,282.7131652832031
12.681782722473145,-14.111038208007812,314.4815368652344
23.287137985229492,-16.46642303466797,335.5832824707031
12.962325096130371,-16.385604858398438,335.5832824707031
25.698450088500977,-13.982009887695312,314.4815368652344
6.11423921585083,-14.978943824768066,328.70721435546875
28.747215270996094,-15.059028625488281,327.41619873046875
56.64017105102539,8.007837295532227,279.5478820800781
55.44903564453125,10.084802627563477,275.49053955078125
54.08155822753906,14.18486213684082,270.59735107421875
0.6592580080032349,10.133978843688965,269.1781921386719
36.41477584838867,10.114304542541504,269.2008056640625
30.025569915771484,9.038506507873535,269.7040710449219
-26.007617950439453,8.830106735229492,283.5638427734375
8.342329978942871,8.716026306152344,269.9234619140625
-5.583047866821289,12.501601219177246,268.6644287109375
41.43110656738281,11.920754432678223,268.8921813964844
-33.892425537109375,21.538442611694336,272.2649230957031
55.14668273925781,11.613420486450195,273.73443603515625
-17.152217864990234,13.844999313354492,271.0119934082031
18.535058975219727,6.259788513183594,271.5603942871094
53.15277099609375,16.427156448364258,267.8618469238281
-30.700355529785156,16.602834701538086,275.49053955078125
-21.776050567626953,11.832693099975586,275.49053955078125
1.1644039154052734,12.673514366149902,266.25982666015625
35.84101486206055,12.998795509338379,265.885986328125
26.697826385498047,11.007568359375,267.1153259277344
57.974910736083984,16.305971145629883,270.5573425292969
58.65239715576172,13.63890266418457,273.58294677734375
-26.23394012451172,11.259923934936523,280.0230712890625
12.123992919921875,9.667274475097656,268.4315185546875
-5.693721771240234,14.470320701599121,266.5671691894531
-26.973064422607422,9.882574081420898,282.7411804199219
